omp_get_max_threads = 8
 8 threads going
8 threads goingtestBoard:
-------------------
|4 0 0|0 0 0|8 0 5|
|0 3 0|0 0 0|0 0 0|
|0 0 0|7 0 0|0 0 0|
-------------------
|0 2 0|0 0 0|0 6 0|
|0 0 0|0 8 0|4 0 0|
|0 0 0|0 1 0|0 0 0|
-------------------
|0 0 0|6 0 3|0 7 0|
|5 0 0|2 0 0|0 0 0|
|1 0 4|0 0 0|0 0 0|
-------------------
Solved:30.8562

-------------------
|4 1 7|3 6 9|8 2 5|
|6 3 2|1 5 8|9 4 7|
|9 5 8|7 2 4|3 1 6|
-------------------
|8 2 5|4 3 7|1 6 9|
|7 9 1|5 8 6|4 3 2|
|3 4 6|9 1 2|7 5 8|
-------------------
|2 8 9|6 4 3|5 7 1|
|5 7 3|2 9 1|6 8 4|
|1 6 4|8 7 5|2 9 3|
-------------------
omp_get_max_threads = 8
 8 threads going
8 threads goingtestBoard:
-------------------
|5 2 0|0 0 6|0 0 0|
|0 0 0|0 0 0|7 0 1|
|3 0 0|0 0 0|0 0 0|
-------------------
|0 0 0|4 0 0|8 0 0|
|6 0 0|0 0 0|0 5 0|
|0 0 0|0 0 0|0 0 0|
-------------------
|0 4 1|8 0 0|0 0 0|
|0 0 0|0 3 0|0 2 0|
|0 0 8|7 0 0|0 0 0|
-------------------
Solved:0.331909

-------------------
|5 2 7|3 1 6|4 8 9|
|8 9 6|5 4 2|7 3 1|
|3 1 4|9 8 7|5 6 2|
-------------------
|1 7 2|4 5 3|8 9 6|
|6 8 9|2 7 1|3 5 4|
|4 5 3|6 9 8|2 1 7|
-------------------
|9 4 1|8 2 5|6 7 3|
|7 6 5|1 3 4|9 2 8|
|2 3 8|7 6 9|1 4 5|
-------------------
omp_get_max_threads = 8
 8 threads going
8 threads goingtestBoard:
-------------------
|6 0 0|0 0 0|8 0 3|
|0 4 0|7 0 0|0 0 0|
|0 0 0|0 0 0|0 0 0|
-------------------
|0 0 0|5 0 4|0 7 0|
|3 0 0|2 0 0|0 0 0|
|1 0 6|0 0 0|0 0 0|
-------------------
|0 2 0|0 0 0|0 5 0|
|0 0 0|0 8 0|6 0 0|
|0 0 0|0 1 0|0 0 0|
-------------------
Solved:0.304782

-------------------
|6 1 7|4 5 9|8 2 3|
|2 4 8|7 3 6|9 1 5|
|5 3 9|1 2 8|4 6 7|
-------------------
|9 8 2|5 6 4|3 7 1|
|3 7 4|2 9 1|5 8 6|
|1 5 6|8 7 3|2 9 4|
-------------------
|8 2 3|6 4 7|1 5 9|
|7 9 1|3 8 5|6 4 2|
|4 6 5|9 1 2|7 3 8|
-------------------
omp_get_max_threads = 8
 8 threads going
8 threads goingtestBoard:
-------------------
|4 8 0|3 0 0|0 0 0|
|0 0 0|0 0 0|0 7 1|
|0 2 0|0 0 0|0 0 0|
-------------------
|7 0 5|0 0 0|0 6 0|
|0 0 0|2 0 0|8 0 0|
|0 0 0|0 0 0|0 0 0|
-------------------
|0 0 1|0 7 6|0 0 0|
|3 0 0|0 0 0|4 0 0|
|0 0 0|0 5 0|0 0 0|
-------------------
Solved:0.518799

-------------------
|4 8 7|3 1 2|6 9 5|
|5 9 3|6 8 4|2 7 1|
|1 2 6|5 9 7|3 8 4|
-------------------
|7 3 5|8 4 9|1 6 2|
|9 1 4|2 6 5|8 3 7|
|2 6 8|7 3 1|5 4 9|
-------------------
|8 5 1|4 7 6|9 2 3|
|3 7 9|1 2 8|4 5 6|
|6 4 2|9 5 3|7 1 8|
-------------------
omp_get_max_threads = 8
 8 threads going
8 threads goingtestBoard:
-------------------
|0 0 0|0 1 4|0 0 0|
|0 3 0|0 0 0|2 0 0|
|0 7 0|0 0 0|0 0 0|
-------------------
|0 0 0|9 0 0|0 3 0|
|6 0 1|0 0 0|0 0 0|
|0 0 0|0 0 0|0 8 0|
-------------------
|2 0 0|0 0 0|1 0 4|
|0 0 0|0 5 0|6 0 0|
|0 0 0|7 0 8|0 0 0|
-------------------
Solved:96.967

-------------------
|9 6 2|3 1 4|8 5 7|
|1 3 4|5 8 7|2 6 9|
|5 7 8|2 9 6|4 1 3|
-------------------
|8 4 7|9 6 2|5 3 1|
|6 5 1|8 7 3|9 4 2|
|3 2 9|1 4 5|7 8 6|
-------------------
|2 8 5|6 3 9|1 7 4|
|7 9 3|4 5 1|6 2 8|
|4 1 6|7 2 8|3 9 5|
-------------------
omp_get_max_threads = 8
 8 threads going
8 threads goingtestBoard:
-------------------
|0 0 0|0 0 0|5 2 0|
|0 8 0|4 0 0|0 0 0|
|0 3 0|0 0 9|0 0 0|
-------------------
|5 0 1|0 0 0|6 0 0|
|2 0 0|7 0 0|0 0 0|
|0 0 0|3 0 0|0 0 0|
-------------------
|6 0 0|0 1 0|0 0 0|
|0 0 0|0 0 0|7 0 4|
|0 0 0|0 0 0|0 3 0|
-------------------
Solved:0.228719

-------------------
|4 1 6|8 3 7|5 2 9|
|9 8 2|4 6 5|3 7 1|
|7 3 5|1 2 9|4 6 8|
-------------------
|5 7 1|2 9 8|6 4 3|
|2 9 3|7 4 6|1 8 5|
|8 6 4|3 5 1|2 9 7|
-------------------
|6 4 7|9 1 3|8 5 2|
|3 5 9|6 8 2|7 1 4|
|1 2 8|5 7 4|9 3 6|
-------------------
omp_get_max_threads = 8
 8 threads going
8 threads goingtestBoard:
-------------------
|6 0 2|0 5 0|0 0 0|
|0 0 0|0 0 3|0 4 0|
|0 0 0|0 0 0|0 0 0|
-------------------
|4 3 0|0 0 8|0 0 0|
|0 1 0|0 0 0|2 0 0|
|0 0 0|0 0 0|7 0 0|
-------------------
|5 0 0|2 7 0|0 0 0|
|0 0 0|0 0 0|0 8 1|
|0 0 0|6 0 0|0 0 0|
-------------------
Solved:0.140011

-------------------
|6 8 2|1 5 4|3 7 9|
|9 5 1|7 6 3|8 4 2|
|3 7 4|8 9 2|1 6 5|
-------------------
|4 3 7|5 2 8|9 1 6|
|8 1 6|9 3 7|2 5 4|
|2 9 5|4 1 6|7 3 8|
-------------------
|5 6 8|2 7 1|4 9 3|
|7 2 9|3 4 5|6 8 1|
|1 4 3|6 8 9|5 2 7|
-------------------
omp_get_max_threads = 8
 8 threads going
8 threads goingtestBoard:
-------------------
|0 5 2|4 0 0|0 0 0|
|0 0 0|0 7 0|1 0 0|
|0 0 0|0 0 0|0 0 0|
-------------------
|0 0 0|8 0 2|0 0 0|
|3 0 0|0 0 0|6 0 0|
|0 9 0|5 0 0|0 0 0|
-------------------
|1 0 6|0 3 0|0 0 0|
|0 0 0|0 0 0|0 8 9|
|7 0 0|0 0 0|0 0 0|
-------------------
Solved:4.18051

-------------------
|6 5 2|4 8 1|9 3 7|
|8 3 4|6 7 9|1 5 2|
|9 7 1|3 2 5|8 6 4|
-------------------
|4 6 7|8 1 2|5 9 3|
|3 1 5|7 9 4|6 2 8|
|2 9 8|5 6 3|4 7 1|
-------------------
|1 8 6|9 3 7|2 4 5|
|5 2 3|1 4 6|7 8 9|
|7 4 9|2 5 8|3 1 6|
-------------------
omp_get_max_threads = 8
 8 threads going
8 threads goingtestBoard:
-------------------
|6 0 2|0 5 0|0 0 0|
|0 0 0|0 0 4|0 3 0|
|0 0 0|0 0 0|0 0 0|
-------------------
|4 3 0|0 0 8|0 0 0|
|0 1 0|0 0 0|2 0 0|
|0 0 0|0 0 0|7 0 0|
-------------------
|5 0 0|2 7 0|0 0 0|
|0 0 0|0 0 0|0 8 1|
|0 0 0|6 0 0|0 0 0|
-------------------
Solved:0.139635

-------------------
|6 8 2|1 5 3|4 7 9|
|9 5 1|7 6 4|8 3 2|
|3 7 4|8 9 2|1 6 5|
-------------------
|4 3 7|5 2 8|9 1 6|
|8 1 6|9 4 7|2 5 3|
|2 9 5|3 1 6|7 4 8|
-------------------
|5 6 8|2 7 1|3 9 4|
|7 2 9|4 3 5|6 8 1|
|1 4 3|6 8 9|5 2 7|
-------------------
omp_get_max_threads = 8
 8 threads going
8 threads goingtestBoard:
-------------------
|0 9 2|3 0 0|0 0 0|
|0 0 0|0 8 0|1 0 0|
|0 0 0|0 0 0|0 0 0|
-------------------
|1 0 7|0 4 0|0 0 0|
|0 0 0|0 0 0|0 6 5|
|8 0 0|0 0 0|0 0 0|
-------------------
|0 6 0|5 0 2|0 0 0|
|4 0 0|0 0 0|7 0 0|
|0 0 0|9 0 0|0 0 0|
-------------------
Solved:1.89047

-------------------
|7 9 2|3 5 1|6 4 8|
|5 4 3|7 8 6|1 2 9|
|6 8 1|4 2 9|5 3 7|
-------------------
|1 5 7|6 4 8|2 9 3|
|9 2 4|1 3 7|8 6 5|
|8 3 6|2 9 5|4 7 1|
-------------------
|3 6 8|5 7 2|9 1 4|
|4 1 9|8 6 3|7 5 2|
|2 7 5|9 1 4|3 8 6|
-------------------
omp_get_max_threads = 8
 8 threads going
8 threads goingtestBoard:
-------------------
|6 0 0|3 0 2|0 0 0|
|0 5 0|0 0 0|0 1 0|
|0 0 0|0 0 0|0 0 0|
-------------------
|7 0 2|6 0 0|0 0 0|
|0 0 0|0 0 0|0 5 4|
|3 0 0|0 0 0|0 0 0|
-------------------
|0 8 0|1 5 0|0 0 0|
|0 0 0|0 4 0|2 0 0|
|0 0 0|0 0 0|7 0 0|
-------------------
Solved:2.88216

-------------------
|6 1 4|3 8 2|5 7 9|
|9 5 3|7 6 4|8 1 2|
|8 2 7|5 9 1|4 3 6|
-------------------
|7 4 2|6 3 5|1 9 8|
|1 6 8|2 7 9|3 5 4|
|3 9 5|4 1 8|6 2 7|
-------------------
|2 8 6|1 5 7|9 4 3|
|5 7 9|8 4 3|2 6 1|
|4 3 1|9 2 6|7 8 5|
-------------------
omp_get_max_threads = 8
 8 threads going
8 threads goingtestBoard:
-------------------
|0 6 0|5 0 1|0 9 0|
|1 0 0|0 9 0|0 5 3|
|9 0 0|0 0 7|0 0 0|
-------------------
|0 4 0|8 0 0|0 7 0|
|0 0 0|0 0 0|5 0 8|
|0 8 1|7 0 5|0 3 0|
-------------------
|0 0 0|0 5 0|2 0 0|
|0 0 0|0 0 0|0 0 0|
|0 7 6|0 0 8|0 0 0|
-------------------
Solved:0.0306375

-------------------
|8 6 3|5 2 1|7 9 4|
|1 2 7|4 9 6|8 5 3|
|9 5 4|3 8 7|6 2 1|
-------------------
|6 4 5|8 3 9|1 7 2|
|7 3 9|1 4 2|5 6 8|
|2 8 1|7 6 5|4 3 9|
-------------------
|4 9 8|6 5 3|2 1 7|
|5 1 2|9 7 4|3 8 6|
|3 7 6|2 1 8|9 4 5|
-------------------
omp_get_max_threads = 8
 8 threads going
8 threads goingtestBoard:
-------------------
|0 0 5|0 0 0|9 8 7|
|0 4 0|0 5 0|0 0 1|
|0 0 7|0 0 0|0 0 0|
-------------------
|2 0 0|0 4 8|0 0 0|
|0 9 0|1 0 0|0 0 0|
|6 0 0|2 0 0|0 0 0|
-------------------
|3 0 0|6 0 0|2 0 0|
|0 0 0|0 0 9|0 7 0|
|0 0 0|0 0 0|5 0 0|
-------------------
Solved:0.0368437

-------------------
|1 3 5|4 2 6|9 8 7|
|8 4 6|9 5 7|3 2 1|
|9 2 7|3 8 1|4 6 5|
-------------------
|2 1 3|7 4 8|6 5 9|
|5 9 8|1 6 3|7 4 2|
|6 7 4|2 9 5|8 1 3|
-------------------
|3 5 1|6 7 4|2 9 8|
|4 8 2|5 3 9|1 7 6|
|7 6 9|8 1 2|5 3 4|
-------------------
omp_get_max_threads = 8
 8 threads going
8 threads goingtestBoard:
-------------------
|3 0 6|0 7 0|0 0 0|
|0 0 0|0 0 0|0 5 1|
|8 0 0|0 0 0|0 0 0|
-------------------
|0 1 0|4 0 5|0 0 0|
|7 0 0|0 0 0|6 0 0|
|0 0 0|2 0 0|0 0 0|
-------------------
|0 2 0|0 0 0|0 4 0|
|0 0 0|0 8 0|3 0 0|
|0 0 0|5 0 0|0 0 0|
-------------------
Solved:0.0168585

-------------------
|3 5 6|8 7 1|2 9 4|
|9 7 2|6 4 3|8 5 1|
|8 4 1|9 5 2|7 3 6|
-------------------
|2 1 3|4 6 5|9 8 7|
|7 9 4|3 1 8|6 2 5|
|6 8 5|2 9 7|4 1 3|
-------------------
|1 2 8|7 3 6|5 4 9|
|5 6 9|1 8 4|3 7 2|
|4 3 7|5 2 9|1 6 8|
-------------------
omp_get_max_threads = 8
 8 threads going
8 threads goingtestBoard:
-------------------
|1 0 0|0 0 0|3 0 8|
|0 7 0|4 0 0|0 0 0|
|0 0 0|0 0 0|0 0 0|
-------------------
|2 0 3|0 1 0|0 0 0|
|0 0 0|0 0 0|0 9 5|
|8 0 0|0 0 0|0 0 0|
-------------------
|0 5 0|6 0 0|0 7 0|
|0 0 0|0 8 0|2 0 0|
|0 4 0|0 0 0|0 0 0|
-------------------
Solved:0.77414

-------------------
|1 2 9|5 7 6|3 4 8|
|3 7 6|4 2 8|5 1 9|
|5 8 4|3 9 1|6 2 7|
-------------------
|2 9 3|8 1 5|7 6 4|
|4 1 7|2 6 3|8 9 5|
|8 6 5|7 4 9|1 3 2|
-------------------
|9 5 8|6 3 2|4 7 1|
|7 3 1|9 8 4|2 5 6|
|6 4 2|1 5 7|9 8 3|
-------------------
omp_get_max_threads = 8
 8 threads going
8 threads goingtestBoard:
-------------------
|6 0 0|3 0 2|0 0 0|
|0 4 0|0 0 0|0 1 0|
|0 0 0|0 0 0|0 0 0|
-------------------
|7 0 2|6 0 0|0 0 0|
|0 0 0|0 0 0|0 5 4|
|3 0 0|0 0 0|0 0 0|
-------------------
|0 8 0|1 5 0|0 0 0|
|0 0 0|0 4 0|2 0 0|
|0 0 0|0 0 0|7 0 0|
-------------------
Solved:3.09542

-------------------
|6 1 5|3 8 2|4 7 9|
|9 4 3|7 6 5|8 1 2|
|8 2 7|4 9 1|5 3 6|
-------------------
|7 5 2|6 3 4|1 9 8|
|1 6 8|2 7 9|3 5 4|
|3 9 4|5 1 8|6 2 7|
-------------------
|2 8 6|1 5 7|9 4 3|
|5 7 9|8 4 3|2 6 1|
|4 3 1|9 2 6|7 8 5|
-------------------
omp_get_max_threads = 8
 8 threads going
8 threads goingtestBoard:
-------------------
|0 0 0|0 3 0|0 9 0|
|0 0 0|2 0 0|0 0 1|
|0 5 0|9 0 0|0 0 0|
-------------------
|0 0 0|0 0 0|0 0 0|
|1 0 2|0 8 0|4 0 6|
|0 8 0|5 0 0|0 2 0|
-------------------
|0 7 5|0 0 0|0 0 0|
|4 0 1|0 0 6|0 0 3|
|0 0 0|0 0 4|0 6 0|
-------------------
Solved:3.52984

-------------------
|7 1 8|4 3 5|6 9 2|
|9 6 3|2 7 8|5 4 1|
|2 5 4|9 6 1|3 7 8|
-------------------
|5 4 7|6 1 2|8 3 9|
|1 9 2|3 8 7|4 5 6|
|3 8 6|5 4 9|1 2 7|
-------------------
|6 7 5|8 9 3|2 1 4|
|4 2 1|7 5 6|9 8 3|
|8 3 9|1 2 4|7 6 5|
-------------------
omp_get_max_threads = 8
 8 threads going
8 threads goingtestBoard:
-------------------
|4 5 0|0 0 0|0 3 0|
|0 0 0|8 0 1|0 0 0|
|0 9 0|0 0 0|0 0 0|
-------------------
|0 0 0|0 5 0|0 9 0|
|2 0 0|7 0 0|0 0 0|
|8 0 0|0 0 0|0 0 0|
-------------------
|0 1 0|0 4 0|0 0 0|
|0 0 0|0 0 0|7 0 2|
|0 0 0|6 0 0|8 0 0|
-------------------
Solved:3.31937

-------------------
|4 5 8|2 7 6|9 3 1|
|6 2 3|8 9 1|4 7 5|
|1 9 7|5 3 4|2 8 6|
-------------------
|3 7 1|4 5 2|6 9 8|
|2 6 9|7 8 3|1 5 4|
|8 4 5|1 6 9|3 2 7|
-------------------
|7 1 2|9 4 8|5 6 3|
|9 8 6|3 1 5|7 4 2|
|5 3 4|6 2 7|8 1 9|
-------------------
omp_get_max_threads = 8
 8 threads going
8 threads goingtestBoard:
-------------------
|0 2 3|7 0 0|0 0 6|
|8 0 0|0 6 0|5 9 0|
|9 0 0|0 0 0|7 0 0|
-------------------
|0 0 0|0 4 0|9 7 0|
|3 0 7|0 9 6|0 0 2|
|0 0 0|0 0 0|0 0 0|
-------------------
|5 0 0|4 7 0|0 0 0|
|0 0 0|0 0 2|0 0 0|
|0 8 0|0 0 0|0 0 0|
-------------------
Solved:0.00196931

-------------------
|1 2 3|7 5 9|4 8 6|
|8 7 4|2 6 1|5 9 3|
|9 6 5|3 8 4|7 2 1|
-------------------
|2 1 6|5 4 3|9 7 8|
|3 5 7|8 9 6|1 4 2|
|4 9 8|1 2 7|3 6 5|
-------------------
|5 3 2|4 7 8|6 1 9|
|6 4 1|9 3 2|8 5 7|
|7 8 9|6 1 5|2 3 4|
-------------------
omp_get_max_threads = 8
 8 threads going
8 threads goingtestBoard:
-------------------
|0 0 8|4 0 0|0 3 0|
|0 0 0|3 0 0|0 0 0|
|9 0 0|0 0 1|5 7 4|
-------------------
|7 9 0|0 0 8|0 0 0|
|0 0 0|0 0 7|0 0 5|
|1 4 0|0 0 0|0 2 0|
-------------------
|0 0 9|0 6 0|0 0 2|
|0 5 0|0 0 0|4 0 0|
|0 0 0|0 9 0|0 5 6|
-------------------
Solved:0.0419024

-------------------
|5 1 8|4 7 6|2 3 9|
|4 2 7|3 5 9|6 1 8|
|9 6 3|8 2 1|5 7 4|
-------------------
|7 9 5|2 4 8|3 6 1|
|8 3 2|6 1 7|9 4 5|
|1 4 6|9 3 5|8 2 7|
-------------------
|3 7 9|5 6 4|1 8 2|
|6 5 1|7 8 2|4 9 3|
|2 8 4|1 9 3|7 5 6|
-------------------
omp_get_max_threads = 8
 8 threads going
8 threads goingtestBoard:
-------------------
|0 9 8|0 1 0|0 0 0|
|2 0 0|0 0 0|0 6 0|
|0 0 0|0 0 0|0 0 0|
-------------------
|0 0 0|3 0 2|0 5 0|
|0 8 4|0 0 0|0 0 0|
|0 0 0|6 0 0|0 0 0|
-------------------
|0 0 0|0 4 0|8 0 9|
|3 0 0|5 0 0|0 0 0|
|0 0 0|0 0 0|1 0 0|
-------------------
Solved:4.83326

-------------------
|4 9 8|7 1 6|5 2 3|
|2 5 7|8 3 9|4 6 1|
|1 3 6|4 2 5|9 8 7|
-------------------
|9 7 1|3 8 2|6 5 4|
|6 8 4|1 5 7|3 9 2|
|5 2 3|6 9 4|7 1 8|
-------------------
|7 6 5|2 4 1|8 3 9|
|3 1 9|5 7 8|2 4 6|
|8 4 2|9 6 3|1 7 5|
-------------------
omp_get_max_threads = 8
 8 threads going
8 threads goingtestBoard:
-------------------
|0 0 2|4 7 0|0 5 8|
|0 0 0|0 0 0|0 0 0|
|0 0 0|0 0 1|0 4 0|
-------------------
|0 0 0|0 2 0|0 0 9|
|5 2 8|0 9 0|4 0 0|
|0 0 9|0 0 0|1 0 0|
-------------------
|0 0 0|0 0 0|0 3 0|
|3 0 0|0 0 7|5 0 0|
|6 8 5|0 0 2|0 0 0|
-------------------
Solved:0.175237

-------------------
|1 3 2|4 7 9|6 5 8|
|8 4 7|5 6 3|2 9 1|
|9 5 6|2 8 1|3 4 7|
-------------------
|4 1 3|7 2 5|8 6 9|
|5 2 8|1 9 6|4 7 3|
|7 6 9|3 4 8|1 2 5|
-------------------
|2 7 1|8 5 4|9 3 6|
|3 9 4|6 1 7|5 8 2|
|6 8 5|9 3 2|7 1 4|
-------------------
omp_get_max_threads = 8
 8 threads going
8 threads goingtestBoard:
-------------------
|4 0 0|0 0 0|8 0 5|
|0 3 0|0 0 0|0 0 0|
|0 0 0|7 0 0|0 0 0|
-------------------
|0 2 0|0 0 0|0 6 0|
|0 0 0|0 5 0|4 0 0|
|0 0 0|0 1 0|0 0 0|
-------------------
|0 0 0|6 0 3|0 7 0|
|5 0 0|2 0 0|0 0 0|
|1 0 9|0 0 0|0 0 0|
-------------------
Solved:14.0427

-------------------
|4 1 7|3 6 9|8 2 5|
|6 3 8|1 2 5|9 4 7|
|9 5 2|7 4 8|3 1 6|
-------------------
|8 2 5|4 3 7|1 6 9|
|7 9 1|8 5 6|4 3 2|
|3 4 6|9 1 2|7 5 8|
-------------------
|2 8 4|6 9 3|5 7 1|
|5 7 3|2 8 1|6 9 4|
|1 6 9|5 7 4|2 8 3|
-------------------
omp_get_max_threads = 8
 8 threads going
8 threads goingtestBoard:
-------------------
|0 2 0|3 0 0|0 0 0|
|0 6 3|0 0 0|0 0 5|
|8 0 0|0 0 0|0 0 1|
-------------------
|5 0 0|0 0 9|0 3 0|
|0 0 0|7 0 0|0 0 0|
|0 0 0|1 0 0|0 0 8|
-------------------
|0 8 7|9 0 0|2 6 0|
|0 0 0|0 0 6|0 7 0|
|0 0 6|0 0 7|0 0 4|
-------------------
Solved:0.474064

-------------------
|9 2 5|3 7 1|4 8 6|
|1 6 3|4 9 8|7 2 5|
|8 7 4|5 6 2|3 9 1|
-------------------
|5 4 2|6 8 9|1 3 7|
|6 1 8|7 5 3|9 4 2|
|7 3 9|1 2 4|6 5 8|
-------------------
|4 8 7|9 1 5|2 6 3|
|3 5 1|2 4 6|8 7 9|
|2 9 6|8 3 7|5 1 4|
-------------------
omp_get_max_threads = 8
 8 threads going
8 threads goingtestBoard:
-------------------
|1 0 0|0 0 0|7 0 9|
|0 4 0|0 0 7|2 0 0|
|8 0 0|0 0 0|0 0 0|
-------------------
|0 7 0|0 1 0|0 6 0|
|3 0 0|0 0 0|0 0 5|
|0 6 0|0 4 0|0 2 0|
-------------------
|0 0 0|0 0 0|0 0 8|
|0 0 5|3 0 0|0 7 0|
|7 0 2|0 0 0|0 4 6|
-------------------
Solved:0.0222073

-------------------
|1 2 3|4 5 6|7 8 9|
|6 4 9|8 3 7|2 5 1|
|8 5 7|2 9 1|6 3 4|
-------------------
|2 7 4|5 1 8|9 6 3|
|3 9 8|6 7 2|4 1 5|
|5 6 1|9 4 3|8 2 7|
-------------------
|4 1 6|7 2 5|3 9 8|
|9 8 5|3 6 4|1 7 2|
|7 3 2|1 8 9|5 4 6|
-------------------
omp_get_max_threads = 8
 8 threads going
8 threads goingtestBoard:
-------------------
|4 0 0|0 0 0|3 0 0|
|0 0 0|8 0 2|0 0 0|
|0 0 0|7 0 0|0 0 0|
-------------------
|0 0 0|1 0 0|0 8 7|
|3 4 0|0 0 0|0 0 0|
|6 0 0|0 0 0|0 0 0|
-------------------
|5 0 0|0 6 0|0 0 0|
|0 0 0|0 1 0|4 0 0|
|0 8 2|0 0 0|0 0 0|
-------------------
Solved:0.383062

-------------------
|4 7 5|6 9 1|3 2 8|
|9 6 1|8 3 2|7 4 5|
|8 2 3|7 5 4|1 9 6|
-------------------
|2 5 9|1 4 3|6 8 7|
|3 4 7|5 8 6|2 1 9|
|6 1 8|9 2 7|5 3 4|
-------------------
|5 3 4|2 6 9|8 7 1|
|7 9 6|3 1 8|4 5 2|
|1 8 2|4 7 5|9 6 3|
-------------------
omp_get_max_threads = 8
 8 threads going
8 threads goingtestBoard:
-------------------
|0 0 0|0 0 0|0 7 1|
|0 2 0|8 0 0|0 0 0|
|0 0 0|4 0 3|0 0 0|
-------------------
|7 0 0|0 6 0|0 5 0|
|0 0 0|2 0 0|3 0 0|
|9 0 0|0 0 0|0 0 0|
-------------------
|6 0 0|0 7 0|0 0 0|
|0 8 0|0 0 0|4 0 0|
|0 0 0|0 5 0|0 0 0|
-------------------
Solved:0.333166

-------------------
|3 4 9|5 2 6|8 7 1|
|5 2 1|8 9 7|6 4 3|
|8 7 6|4 1 3|5 2 9|
-------------------
|7 1 8|3 6 9|2 5 4|
|4 6 5|2 8 1|3 9 7|
|9 3 2|7 4 5|1 8 6|
-------------------
|6 5 4|1 7 8|9 3 2|
|1 8 7|9 3 2|4 6 5|
|2 9 3|6 5 4|7 1 8|
-------------------
omp_get_max_threads = 8
 8 threads going
8 threads goingtestBoard:
-------------------
|6 0 0|3 0 2|0 0 0|
|0 4 0|0 0 0|0 8 0|
|0 0 0|0 0 0|0 0 0|
-------------------
|7 0 2|6 0 0|0 0 0|
|0 0 0|0 0 0|0 5 4|
|3 0 0|0 0 0|0 0 0|
-------------------
|0 8 0|1 5 0|0 0 0|
|0 0 0|0 8 0|2 0 0|
|0 0 0|0 0 0|7 0 0|
-------------------
Solved:1.1782

-------------------
|6 1 8|3 4 2|5 7 9|
|9 4 3|7 6 5|1 8 2|
|5 2 7|8 9 1|4 3 6|
-------------------
|7 5 2|6 3 4|8 9 1|
|8 6 1|2 7 9|3 5 4|
|3 9 4|5 1 8|6 2 7|
-------------------
|2 8 6|1 5 7|9 4 3|
|1 7 9|4 8 3|2 6 5|
|4 3 5|9 2 6|7 1 8|
-------------------
omp_get_max_threads = 8
 8 threads going
8 threads goingtestBoard:
-------------------
|0 4 7|0 8 0|0 0 1|
|0 0 0|0 0 0|0 0 0|
|0 0 0|6 0 0|7 0 0|
-------------------
|6 0 0|0 0 3|5 7 0|
|0 0 0|0 0 5|0 0 0|
|0 1 0|0 6 0|0 0 0|
-------------------
|2 8 0|0 4 0|0 0 0|
|0 9 0|1 0 0|0 4 0|
|0 0 0|0 2 0|6 9 0|
-------------------
Solved:0.122519

-------------------
|9 4 7|5 8 2|3 6 1|
|8 6 3|4 7 1|9 5 2|
|1 5 2|6 3 9|7 8 4|
-------------------
|6 2 4|8 1 3|5 7 9|
|7 3 8|2 9 5|4 1 6|
|5 1 9|7 6 4|8 2 3|
-------------------
|2 8 5|9 4 6|1 3 7|
|3 9 6|1 5 7|2 4 8|
|4 7 1|3 2 8|6 9 5|
-------------------
omp_get_max_threads = 8
 8 threads going
8 threads goingtestBoard:
-------------------
|0 0 0|0 0 0|8 0 1|
|7 0 0|2 0 0|0 0 0|
|0 0 0|5 0 6|0 0 0|
-------------------
|0 0 0|7 0 0|0 5 0|
|0 1 0|0 0 0|3 0 0|
|0 8 0|0 0 0|0 0 0|
-------------------
|5 0 0|0 0 0|0 2 0|
|0 4 0|0 8 0|0 0 0|
|6 0 0|0 3 0|0 0 0|
-------------------
Solved:0.141171

-------------------
|2 5 4|3 7 9|8 6 1|
|7 6 1|2 4 8|5 9 3|
|8 9 3|5 1 6|7 4 2|
-------------------
|3 2 6|7 9 1|4 5 8|
|9 1 5|8 2 4|3 7 6|
|4 8 7|6 5 3|2 1 9|
-------------------
|5 3 8|1 6 7|9 2 4|
|1 4 2|9 8 5|6 3 7|
|6 7 9|4 3 2|1 8 5|
-------------------
omp_get_max_threads = 8
 8 threads going
8 threads goingtestBoard:
-------------------
|3 8 0|6 0 0|0 0 0|
|0 0 9|0 0 0|0 0 0|
|0 2 0|0 3 0|5 1 0|
-------------------
|0 0 0|0 0 5|0 0 0|
|0 3 0|0 1 0|0 6 0|
|0 0 0|4 0 0|0 0 0|
-------------------
|0 1 7|0 5 0|0 8 0|
|0 0 0|0 0 0|9 0 0|
|0 0 0|0 0 7|0 3 2|
-------------------
Solved:0.259136

-------------------
|3 8 5|6 2 1|4 9 7|
|1 7 9|5 8 4|3 2 6|
|4 2 6|7 3 9|5 1 8|
-------------------
|7 6 2|3 9 5|8 4 1|
|5 3 4|8 1 2|7 6 9|
|8 9 1|4 7 6|2 5 3|
-------------------
|9 1 7|2 5 3|6 8 4|
|2 4 3|1 6 8|9 7 5|
|6 5 8|9 4 7|1 3 2|
-------------------
omp_get_max_threads = 8
 8 threads going
8 threads goingtestBoard:
-------------------
|0 0 0|5 0 0|0 0 0|
|0 0 0|0 0 0|5 0 6|
|9 7 0|0 0 0|0 2 0|
-------------------
|0 0 4|8 0 2|0 0 0|
|2 5 0|1 0 0|0 3 0|
|0 8 0|0 3 0|0 0 0|
-------------------
|0 0 0|0 0 4|0 7 0|
|0 1 3|0 5 0|0 9 0|
|0 2 0|0 0 3|1 0 0|
-------------------
Solved:0.00323633

-------------------
|8 3 6|5 2 1|9 4 7|
|1 4 2|3 7 9|5 8 6|
|9 7 5|6 4 8|3 2 1|
-------------------
|3 6 4|8 9 2|7 1 5|
|2 5 9|1 6 7|4 3 8|
|7 8 1|4 3 5|2 6 9|
-------------------
|5 9 8|2 1 4|6 7 3|
|4 1 3|7 5 6|8 9 2|
|6 2 7|9 8 3|1 5 4|
-------------------
omp_get_max_threads = 8
 8 threads going
8 threads goingtestBoard:
-------------------
|0 2 0|0 0 0|0 0 0|
|3 0 5|0 6 2|0 0 9|
|0 6 8|0 0 0|3 0 0|
-------------------
|0 5 0|0 0 0|0 0 0|
|0 0 0|6 4 0|8 0 2|
|0 0 4|7 0 0|9 0 0|
-------------------
|0 0 3|0 0 0|0 0 1|
|0 0 0|0 0 6|0 0 0|
|1 7 0|4 3 0|0 0 0|
-------------------
Solved:0.0550123

-------------------
|4 2 7|5 9 3|1 8 6|
|3 1 5|8 6 2|4 7 9|
|9 6 8|1 7 4|3 2 5|
-------------------
|6 5 9|3 2 8|7 1 4|
|7 3 1|6 4 9|8 5 2|
|2 8 4|7 5 1|9 6 3|
-------------------
|5 9 3|2 8 7|6 4 1|
|8 4 2|9 1 6|5 3 7|
|1 7 6|4 3 5|2 9 8|
-------------------
omp_get_max_threads = 8
 8 threads going
8 threads goingtestBoard:
-------------------
|0 8 0|0 4 0|0 0 0|
|3 0 0|0 0 0|0 1 0|
|0 0 0|0 0 0|0 2 0|
-------------------
|0 0 5|0 0 0|4 0 6|
|9 0 0|1 0 0|8 0 0|
|2 0 0|0 0 0|0 0 0|
-------------------
|0 0 0|3 0 9|0 0 0|
|0 6 0|0 0 0|5 0 0|
|0 0 0|2 0 0|0 0 0|
-------------------
Solved:0.325971

-------------------
|7 8 1|9 4 2|3 6 5|
|3 2 4|5 7 6|9 1 8|
|6 5 9|8 3 1|7 2 4|
-------------------
|8 1 5|7 2 3|4 9 6|
|9 3 6|1 5 4|8 7 2|
|2 4 7|6 9 8|1 5 3|
-------------------
|5 7 8|3 6 9|2 4 1|
|1 6 2|4 8 7|5 3 9|
|4 9 3|2 1 5|6 8 7|
-------------------
omp_get_max_threads = 8
 8 threads going
8 threads goingtestBoard:
-------------------
|0 0 8|0 9 0|1 0 0|
|0 6 0|5 0 0|0 2 0|
|0 0 0|0 0 6|0 0 0|
-------------------
|0 3 0|1 0 7|0 5 0|
|0 0 0|0 0 0|0 0 9|
|0 0 4|0 0 0|3 0 0|
-------------------
|0 5 0|0 0 0|2 0 0|
|0 7 0|0 0 3|0 8 0|
|2 0 0|7 0 0|0 0 4|
-------------------
Solved:0.0246547

-------------------
|7 4 8|3 9 2|1 6 5|
|3 6 9|5 1 4|7 2 8|
|1 2 5|8 7 6|9 4 3|
-------------------
|9 3 2|1 4 7|8 5 6|
|6 8 7|2 3 5|4 1 9|
|5 1 4|6 8 9|3 7 2|
-------------------
|8 5 3|4 6 1|2 9 7|
|4 7 6|9 2 3|5 8 1|
|2 9 1|7 5 8|6 3 4|
-------------------
omp_get_max_threads = 8
 8 threads going
8 threads goingtestBoard:
-------------------
|4 0 0|0 0 0|5 0 8|
|0 3 0|0 0 0|0 0 0|
|0 0 0|7 0 0|0 0 0|
-------------------
|0 2 0|0 0 0|0 6 0|
|0 0 0|0 5 0|8 0 0|
|0 0 0|0 1 0|0 0 0|
-------------------
|0 0 0|6 0 3|0 7 0|
|5 0 0|2 0 0|0 0 0|
|1 0 8|0 0 0|0 0 0|
-------------------
Solved:23.0966

-------------------
|4 1 7|3 6 9|5 2 8|
|8 3 9|1 2 5|7 4 6|
|6 5 2|7 4 8|3 1 9|
-------------------
|9 2 5|8 3 7|4 6 1|
|7 4 1|9 5 6|8 3 2|
|3 8 6|4 1 2|9 5 7|
-------------------
|2 9 4|6 8 3|1 7 5|
|5 7 3|2 9 1|6 8 4|
|1 6 8|5 7 4|2 9 3|
-------------------
omp_get_max_threads = 8
 8 threads going
8 threads goingtestBoard:
-------------------
|1 0 0|0 0 0|3 0 8|
|0 6 0|4 0 0|0 0 0|
|0 0 0|0 0 0|0 0 0|
-------------------
|2 0 3|0 1 0|0 0 0|
|0 0 0|0 0 0|0 9 5|
|8 0 0|0 0 0|0 0 0|
-------------------
|0 5 0|6 0 0|0 7 0|
|0 0 0|0 8 0|2 0 0|
|0 4 0|0 0 0|0 0 0|
-------------------
Solved:0.893352

-------------------
|1 2 4|5 9 7|3 6 8|
|3 6 9|4 2 8|5 1 7|
|5 8 7|3 6 1|9 2 4|
-------------------
|2 9 3|8 1 5|7 4 6|
|4 1 6|2 7 3|8 9 5|
|8 7 5|9 4 6|1 3 2|
-------------------
|9 5 8|6 3 2|4 7 1|
|6 3 1|7 8 4|2 5 9|
|7 4 2|1 5 9|6 8 3|
-------------------
omp_get_max_threads = 8
 8 threads going
8 threads goingtestBoard:
-------------------
|1 0 0|0 0 6|0 8 0|
|0 6 4|0 0 0|0 0 0|
|0 0 0|0 4 0|0 0 7|
-------------------
|0 0 0|0 9 0|6 0 0|
|0 7 0|4 0 0|5 0 0|
|5 0 0|0 7 0|1 0 0|
-------------------
|0 5 0|0 0 0|3 2 0|
|3 0 0|0 0 8|0 0 0|
|4 0 0|0 0 0|0 0 0|
-------------------
Solved:0.0210081

-------------------
|1 3 7|9 2 6|4 8 5|
|9 6 4|5 8 7|2 3 1|
|8 2 5|3 4 1|9 6 7|
-------------------
|2 4 1|8 9 5|6 7 3|
|6 7 3|4 1 2|5 9 8|
|5 8 9|6 7 3|1 4 2|
-------------------
|7 5 8|1 6 4|3 2 9|
|3 9 6|2 5 8|7 1 4|
|4 1 2|7 3 9|8 5 6|
-------------------
omp_get_max_threads = 8
 8 threads going
8 threads goingtestBoard:
-------------------
|2 4 9|0 6 0|0 0 3|
|0 3 0|0 0 0|2 0 0|
|8 0 0|0 0 0|0 0 5|
-------------------
|0 0 0|0 0 6|0 0 0|
|0 0 0|2 0 0|0 0 0|
|0 1 0|0 4 0|8 2 0|
-------------------
|0 9 0|5 0 0|7 0 0|
|0 0 4|0 0 0|0 0 1|
|0 7 0|0 0 3|0 0 0|
-------------------
Solved:1.42301

-------------------
|2 4 9|8 6 5|1 7 3|
|5 3 1|9 7 4|2 6 8|
|8 6 7|1 3 2|4 9 5|
-------------------
|4 2 3|7 8 6|5 1 9|
|9 8 6|2 5 1|3 4 7|
|7 1 5|3 4 9|8 2 6|
-------------------
|6 9 2|5 1 8|7 3 4|
|3 5 4|6 2 7|9 8 1|
|1 7 8|4 9 3|6 5 2|
-------------------
omp_get_max_threads = 8
 8 threads going
8 threads goingtestBoard:
-------------------
|0 0 0|8 0 0|0 0 9|
|0 8 7|3 0 0|0 4 0|
|6 0 0|7 0 0|0 0 0|
-------------------
|0 0 8|5 0 0|9 7 0|
|0 0 0|0 0 0|0 0 0|
|0 4 3|0 0 7|5 0 0|
-------------------
|0 0 0|0 0 3|0 0 0|
|0 3 0|0 0 1|4 5 0|
|4 0 0|0 0 2|0 0 1|
-------------------
Solved:0.0133882

-------------------
|3 5 1|8 4 6|7 2 9|
|2 8 7|3 1 9|6 4 5|
|6 9 4|7 2 5|1 8 3|
-------------------
|1 6 8|5 3 4|9 7 2|
|7 2 5|1 9 8|3 6 4|
|9 4 3|2 6 7|5 1 8|
-------------------
|5 1 6|4 8 3|2 9 7|
|8 3 2|9 7 1|4 5 6|
|4 7 9|6 5 2|8 3 1|
-------------------
omp_get_max_threads = 8
 8 threads going
8 threads goingtestBoard:
-------------------
|0 0 0|5 0 1|0 0 0|
|0 9 0|0 0 0|8 0 0|
|0 6 0|0 0 0|0 0 0|
-------------------
|4 0 1|0 0 0|0 0 0|
|0 0 0|0 7 0|0 9 0|
|0 0 0|0 0 0|0 3 0|
-------------------
|8 0 0|0 0 0|1 0 5|
|0 0 0|2 0 0|4 0 0|
|0 0 0|3 6 0|0 0 0|
-------------------
Solved:88.7906

-------------------
|7 4 8|5 9 1|3 2 6|
|1 9 5|6 2 3|8 4 7|
|2 6 3|4 8 7|5 1 9|
-------------------
|4 2 1|9 3 6|7 5 8|
|3 5 6|8 7 4|2 9 1|
|9 8 7|1 5 2|6 3 4|
-------------------
|8 3 2|7 4 9|1 6 5|
|6 7 9|2 1 5|4 8 3|
|5 1 4|3 6 8|9 7 2|
-------------------
omp_get_max_threads = 8
 8 threads going
8 threads goingtestBoard:
-------------------
|0 0 0|0 0 0|8 0 1|
|6 0 0|2 0 0|0 0 0|
|0 0 0|7 0 5|0 0 0|
-------------------
|0 0 0|6 0 0|0 2 0|
|0 1 0|0 0 0|3 0 0|
|0 8 0|0 0 0|0 0 0|
-------------------
|2 0 0|0 0 0|0 7 0|
|0 3 0|0 8 0|0 0 0|
|5 0 0|0 4 0|0 0 0|
-------------------
Solved:0.131932

-------------------
|7 2 3|4 6 9|8 5 1|
|6 5 1|2 3 8|7 9 4|
|8 9 4|7 1 5|6 3 2|
-------------------
|3 7 5|6 9 1|4 2 8|
|9 1 2|8 7 4|3 6 5|
|4 8 6|5 2 3|9 1 7|
-------------------
|2 4 8|3 5 6|1 7 9|
|1 3 7|9 8 2|5 4 6|
|5 6 9|1 4 7|2 8 3|
-------------------
omp_get_max_threads = 8
 8 threads going
8 threads goingtestBoard:
-------------------
|0 4 7|6 0 0|0 5 0|
|8 0 3|0 0 0|0 0 2|
|0 0 0|0 0 9|0 0 0|
-------------------
|0 0 0|8 0 5|0 0 6|
|0 0 0|1 0 0|0 0 0|
|6 0 2|4 0 0|0 0 0|
-------------------
|0 7 8|0 0 0|5 1 0|
|0 0 6|0 0 0|0 4 0|
|0 9 0|0 0 4|0 0 7|
-------------------
Solved:0.434864

-------------------
|9 4 7|6 2 8|3 5 1|
|8 6 3|7 5 1|4 9 2|
|1 2 5|3 4 9|6 7 8|
-------------------
|7 3 4|8 9 5|1 2 6|
|5 8 9|1 6 2|7 3 4|
|6 1 2|4 7 3|9 8 5|
-------------------
|4 7 8|2 3 6|5 1 9|
|2 5 6|9 1 7|8 4 3|
|3 9 1|5 8 4|2 6 7|
-------------------
omp_get_max_threads = 8
 8 threads going
8 threads goingtestBoard:
-------------------
|0 0 0|0 0 7|0 9 5|
|0 0 0|0 0 1|0 0 0|
|8 6 0|0 2 0|0 0 0|
-------------------
|0 2 0|0 7 3|0 0 8|
|5 0 0|0 0 0|0 6 0|
|0 0 3|0 0 4|9 0 0|
-------------------
|3 0 5|0 0 0|4 1 7|
|2 4 0|0 0 0|0 0 0|
|0 0 0|0 0 0|0 0 0|
-------------------
Solved:0.040769

-------------------
|1 3 2|4 6 7|8 9 5|
|9 5 7|3 8 1|2 4 6|
|8 6 4|5 2 9|7 3 1|
-------------------
|4 2 9|6 7 3|1 5 8|
|5 7 8|9 1 2|3 6 4|
|6 1 3|8 5 4|9 7 2|
-------------------
|3 8 5|2 9 6|4 1 7|
|2 4 1|7 3 5|6 8 9|
|7 9 6|1 4 8|5 2 3|
-------------------
omp_get_max_threads = 8
 8 threads going
8 threads goingtestBoard:
-------------------
|0 4 0|5 0 0|0 0 0|
|8 0 0|0 9 0|0 3 0|
|0 7 6|0 2 0|0 0 0|
-------------------
|0 1 4|6 0 0|0 0 0|
|0 0 0|0 0 9|0 0 7|
|0 0 0|0 0 3|6 0 0|
-------------------
|0 0 1|0 0 4|0 5 0|
|0 6 0|0 0 0|0 0 3|
|0 0 7|1 0 0|2 0 0|
-------------------
Solved:0.190529

-------------------
|1 4 3|5 8 7|9 6 2|
|8 5 2|4 9 6|7 3 1|
|9 7 6|3 2 1|5 8 4|
-------------------
|2 1 4|6 7 5|3 9 8|
|6 3 5|8 1 9|4 2 7|
|7 8 9|2 4 3|6 1 5|
-------------------
|3 2 1|7 6 4|8 5 9|
|4 6 8|9 5 2|1 7 3|
|5 9 7|1 3 8|2 4 6|
-------------------
omp_get_max_threads = 8
 8 threads going
8 threads goingtestBoard:
-------------------
|0 8 3|4 0 0|0 0 0|
|0 0 0|0 7 0|0 5 0|
|0 0 0|0 0 0|0 0 0|
-------------------
|0 4 0|1 0 8|0 0 0|
|0 0 0|0 0 0|0 2 7|
|0 0 0|3 0 0|0 0 0|
-------------------
|2 0 6|0 5 0|0 0 0|
|5 0 0|0 0 0|8 0 0|
|0 0 0|0 0 0|1 0 0|
-------------------
Solved:1.96888

-------------------
|7 8 3|4 6 5|2 1 9|
|4 2 1|9 7 3|6 5 8|
|9 6 5|2 8 1|7 3 4|
-------------------
|3 4 7|1 2 8|5 9 6|
|1 9 8|5 4 6|3 2 7|
|6 5 2|3 9 7|4 8 1|
-------------------
|2 1 6|8 5 4|9 7 3|
|5 3 4|7 1 9|8 6 2|
|8 7 9|6 3 2|1 4 5|
-------------------
omp_get_max_threads = 8
 8 threads going
8 threads goingtestBoard:
-------------------
|0 0 9|0 0 0|0 0 3|
|0 0 0|0 0 9|0 0 0|
|7 0 0|0 0 0|5 0 6|
-------------------
|0 0 6|5 0 0|4 0 0|
|0 0 0|3 0 0|0 0 0|
|0 2 8|0 0 0|0 0 0|
-------------------
|3 0 0|7 5 0|6 0 0|
|6 0 0|0 0 0|0 0 0|
|0 0 0|1 2 0|3 0 8|
-------------------
Solved:0.395377

-------------------
|2 1 9|6 7 5|8 4 3|
|8 6 5|4 3 9|7 2 1|
|7 4 3|2 8 1|5 9 6|
-------------------
|9 3 6|5 1 2|4 8 7|
|1 5 7|3 4 8|9 6 2|
|4 2 8|9 6 7|1 3 5|
-------------------
|3 8 2|7 5 4|6 1 9|
|6 7 1|8 9 3|2 5 4|
|5 9 4|1 2 6|3 7 8|
-------------------
omp_get_max_threads = 8
 8 threads going
8 threads goingtestBoard:
-------------------
|0 2 6|0 3 9|0 0 0|
|0 0 0|6 0 0|0 0 1|
|9 0 0|0 0 0|7 0 0|
-------------------
|0 0 0|0 0 4|0 0 9|
|0 5 0|0 0 0|2 0 0|
|0 0 8|5 0 0|0 0 0|
-------------------
|3 0 0|2 0 0|9 0 0|
|4 0 0|0 0 7|6 2 0|
|0 0 0|0 0 0|0 0 4|
-------------------
Solved:0.337667

-------------------
|1 2 6|7 3 9|8 4 5|
|8 4 7|6 2 5|3 9 1|
|9 3 5|4 8 1|7 6 2|
-------------------
|2 1 3|8 6 4|5 7 9|
|6 5 4|9 7 3|2 1 8|
|7 9 8|5 1 2|4 3 6|
-------------------
|3 6 1|2 4 8|9 5 7|
|4 8 9|1 5 7|6 2 3|
|5 7 2|3 9 6|1 8 4|
-------------------
omp_get_max_threads = 8
 8 threads going
8 threads goingtestBoard:
-------------------
|2 0 3|0 8 0|0 0 0|
|8 0 0|7 0 0|0 0 0|
|0 0 0|0 0 0|1 0 0|
-------------------
|0 6 0|5 0 7|0 0 0|
|4 0 0|0 0 0|0 3 0|
|0 0 0|1 0 0|0 0 0|
-------------------
|0 0 0|0 0 0|0 8 2|
|0 5 0|0 0 0|6 0 0|
|0 1 0|0 0 0|0 0 0|
-------------------
Solved:0.181577

-------------------
|2 7 3|6 8 1|4 9 5|
|8 9 1|7 5 4|2 6 3|
|5 4 6|3 9 2|1 7 8|
-------------------
|1 6 9|5 3 7|8 2 4|
|4 8 5|2 6 9|7 3 1|
|3 2 7|1 4 8|9 5 6|
-------------------
|7 3 4|9 1 6|5 8 2|
|9 5 8|4 2 3|6 1 7|
|6 1 2|8 7 5|3 4 9|
-------------------
omp_get_max_threads = 8
 8 threads going
8 threads goingtestBoard:
-------------------
|6 0 0|3 0 2|0 0 0|
|0 1 0|0 0 0|0 5 0|
|0 0 0|0 0 0|0 0 0|
-------------------
|7 0 2|6 0 0|0 0 0|
|0 0 0|0 0 0|0 8 4|
|3 0 0|0 0 0|0 0 0|
-------------------
|0 8 0|1 5 0|0 0 0|
|0 0 0|0 8 0|2 0 0|
|0 0 0|0 0 0|7 0 0|
-------------------
Solved:1.05131

-------------------
|6 5 4|3 1 2|8 7 9|
|9 1 3|8 7 6|4 5 2|
|8 2 7|4 9 5|1 3 6|
-------------------
|7 4 2|6 3 8|5 9 1|
|1 6 5|7 2 9|3 8 4|
|3 9 8|5 4 1|6 2 7|
-------------------
|2 8 6|1 5 7|9 4 3|
|4 7 1|9 8 3|2 6 5|
|5 3 9|2 6 4|7 1 8|
-------------------
omp_get_max_threads = 8
 8 threads going
8 threads goingtestBoard:
-------------------
|1 0 0|0 0 0|9 0 0|
|0 6 4|0 0 1|0 7 0|
|0 7 0|0 4 0|0 0 0|
-------------------
|0 0 0|3 0 0|0 0 0|
|3 0 8|9 0 0|5 0 0|
|0 0 7|0 0 0|0 2 0|
-------------------
|0 0 0|0 6 0|7 0 9|
|0 0 0|0 0 4|0 1 0|
|0 0 0|1 2 9|0 3 0|
-------------------
Solved:0.348988

-------------------
|1 5 2|7 3 8|9 4 6|
|8 6 4|2 9 1|3 7 5|
|9 7 3|6 4 5|2 8 1|
-------------------
|2 1 6|3 5 7|4 9 8|
|3 4 8|9 1 2|5 6 7|
|5 9 7|4 8 6|1 2 3|
-------------------
|4 2 1|8 6 3|7 5 9|
|6 3 9|5 7 4|8 1 2|
|7 8 5|1 2 9|6 3 4|
-------------------
omp_get_max_threads = 8
 8 threads going
8 threads goingtestBoard:
-------------------
|0 0 0|0 0 0|0 0 0|
|9 0 0|0 0 0|0 8 4|
|0 6 2|3 0 0|0 5 0|
-------------------
|0 0 0|6 0 0|0 4 5|
|3 0 0|0 1 0|0 0 6|
|0 0 0|9 0 0|0 7 0|
-------------------
|0 0 0|1 0 0|0 0 0|
|4 0 5|0 0 2|0 0 0|
|0 3 0|8 0 0|0 0 9|
-------------------
Solved:0.144224

-------------------
|1 7 4|5 8 9|3 6 2|
|9 5 3|2 6 1|7 8 4|
|8 6 2|3 4 7|9 5 1|
-------------------
|2 1 9|6 7 3|8 4 5|
|3 8 7|4 1 5|2 9 6|
|5 4 6|9 2 8|1 7 3|
-------------------
|6 2 8|1 9 4|5 3 7|
|4 9 5|7 3 2|6 1 8|
|7 3 1|8 5 6|4 2 9|
-------------------
omp_get_max_threads = 8
 8 threads going
8 threads goingtestBoard:
-------------------
|0 2 0|0 0 0|5 9 3|
|8 0 0|5 0 0|4 6 0|
|9 4 0|0 6 0|0 0 8|
-------------------
|0 0 2|0 3 0|0 0 0|
|0 6 0|0 8 0|7 3 0|
|7 0 0|2 0 0|0 0 0|
-------------------
|0 0 0|0 4 0|3 8 0|
|0 7 0|0 0 0|6 0 0|
|0 0 0|0 0 0|0 0 5|
-------------------
Solved:0.0158354

-------------------
|1 2 6|4 7 8|5 9 3|
|8 3 7|5 9 2|4 6 1|
|9 4 5|3 6 1|2 7 8|
-------------------
|4 1 2|9 3 7|8 5 6|
|5 6 9|1 8 4|7 3 2|
|7 8 3|2 5 6|9 1 4|
-------------------
|2 5 1|6 4 9|3 8 7|
|3 7 4|8 1 5|6 2 9|
|6 9 8|7 2 3|1 4 5|
-------------------
omp_get_max_threads = 8
 8 threads going
8 threads goingtestBoard:
-------------------
|9 0 4|0 0 5|0 0 0|
|2 5 0|6 0 0|1 0 0|
|3 1 0|0 0 0|0 0 8|
-------------------
|0 7 0|0 0 9|0 0 0|
|4 0 0|2 6 0|0 0 0|
|0 0 1|4 7 0|0 0 0|
-------------------
|7 0 0|0 0 0|0 0 2|
|0 0 0|3 0 0|8 0 6|
|0 4 0|0 0 0|0 9 0|
-------------------
Solved:0.00664597

-------------------
|9 6 4|8 1 5|2 3 7|
|2 5 8|6 3 7|1 4 9|
|3 1 7|9 2 4|6 5 8|
-------------------
|8 7 2|1 5 9|3 6 4|
|4 9 5|2 6 3|7 8 1|
|6 3 1|4 7 8|9 2 5|
-------------------
|7 8 3|5 9 6|4 1 2|
|5 2 9|3 4 1|8 7 6|
|1 4 6|7 8 2|5 9 3|
-------------------
omp_get_max_threads = 8
 8 threads going
8 threads goingtestBoard:
-------------------
|0 0 0|5 2 0|0 0 0|
|0 9 0|0 0 3|0 0 4|
|0 0 0|0 0 0|7 0 0|
-------------------
|0 1 0|0 0 0|0 4 0|
|0 8 0|0 4 5|3 0 0|
|6 0 0|0 1 0|0 0 8|
-------------------
|7 0 2|0 0 0|0 0 0|
|0 0 8|0 0 0|0 3 2|
|0 4 0|0 8 0|0 1 0|
-------------------
Solved:0.988222

-------------------
|4 7 6|5 2 9|1 8 3|
|8 9 5|1 7 3|6 2 4|
|3 2 1|8 6 4|7 9 5|
-------------------
|5 1 7|3 9 8|2 4 6|
|2 8 9|6 4 5|3 7 1|
|6 3 4|7 1 2|9 5 8|
-------------------
|7 5 2|4 3 1|8 6 9|
|1 6 8|9 5 7|4 3 2|
|9 4 3|2 8 6|5 1 7|
-------------------
omp_get_max_threads = 8
 8 threads going
8 threads goingtestBoard:
-------------------
|5 3 0|0 2 0|9 0 0|
|0 2 4|0 3 0|0 5 0|
|0 0 9|0 0 0|0 0 0|
-------------------
|0 0 0|0 1 0|8 2 7|
|0 0 0|7 0 0|0 0 0|
|0 0 0|0 9 8|1 0 0|
-------------------
|0 0 0|0 0 0|0 0 0|
|0 0 6|4 0 0|0 0 9|
|1 0 2|0 5 0|4 3 0|
-------------------
Solved:0.0191832

-------------------
|5 3 8|1 2 7|9 4 6|
|6 2 4|8 3 9|7 5 1|
|7 1 9|6 4 5|3 8 2|
-------------------
|9 6 5|3 1 4|8 2 7|
|3 8 1|7 6 2|5 9 4|
|2 4 7|5 9 8|1 6 3|
-------------------
|4 9 3|2 8 1|6 7 5|
|8 5 6|4 7 3|2 1 9|
|1 7 2|9 5 6|4 3 8|
-------------------
omp_get_max_threads = 8
 8 threads going
8 threads goingtestBoard:
-------------------
|1 0 0|0 0 7|8 6 0|
|0 0 7|0 0 8|0 1 0|
|8 0 0|2 0 0|0 0 9|
-------------------
|0 0 0|0 0 0|0 0 2|
|4 0 0|0 1 0|0 0 0|
|0 0 9|0 0 5|0 0 0|
-------------------
|6 0 8|0 0 0|0 0 0|
|0 0 0|0 5 0|9 0 0|
|0 0 0|0 0 9|3 0 4|
-------------------
Solved:0.44871

-------------------
|1 2 4|5 9 7|8 6 3|
|9 3 7|6 4 8|2 1 5|
|8 5 6|2 3 1|7 4 9|
-------------------
|5 1 3|7 8 6|4 9 2|
|4 8 2|9 1 3|6 5 7|
|7 6 9|4 2 5|1 3 8|
-------------------
|6 9 8|3 7 4|5 2 1|
|3 4 1|8 5 2|9 7 6|
|2 7 5|1 6 9|3 8 4|
-------------------
omp_get_max_threads = 8
 8 threads going
8 threads goingtestBoard:
-------------------
|0 0 0|0 5 0|0 0 1|
|1 0 0|0 0 0|0 7 0|
|0 6 0|0 0 0|0 8 0|
-------------------
|0 0 0|0 0 4|0 0 0|
|0 0 9|0 1 0|3 0 0|
|0 0 0|5 9 6|0 2 0|
-------------------
|0 8 0|0 6 2|0 0 7|
|0 0 7|0 0 0|0 0 0|
|3 0 5|0 7 0|2 0 0|
-------------------
Solved:0.0700353

-------------------
|8 7 2|4 5 9|6 3 1|
|1 5 4|6 8 3|9 7 2|
|9 6 3|7 2 1|4 8 5|
-------------------
|2 1 6|8 3 4|7 5 9|
|5 4 9|2 1 7|3 6 8|
|7 3 8|5 9 6|1 2 4|
-------------------
|4 8 1|3 6 2|5 9 7|
|6 2 7|9 4 5|8 1 3|
|3 9 5|1 7 8|2 4 6|
-------------------
omp_get_max_threads = 8
 8 threads going
8 threads goingtestBoard:
-------------------
|0 4 7|0 2 0|0 0 0|
|8 0 0|0 0 1|0 0 0|
|0 3 0|0 0 0|9 0 2|
-------------------
|0 0 0|0 0 5|0 0 0|
|6 0 0|8 1 0|0 5 0|
|0 0 0|0 4 0|0 0 0|
-------------------
|0 7 0|0 0 0|3 0 4|
|0 0 0|9 0 0|0 1 0|
|4 0 0|2 7 0|8 0 0|
-------------------
Solved:0.120893

-------------------
|9 4 7|3 2 6|5 8 1|
|8 5 2|4 9 1|6 7 3|
|1 3 6|5 8 7|9 4 2|
-------------------
|2 8 4|7 3 5|1 6 9|
|6 9 3|8 1 2|4 5 7|
|7 1 5|6 4 9|2 3 8|
-------------------
|5 7 9|1 6 8|3 2 4|
|3 2 8|9 5 4|7 1 6|
|4 6 1|2 7 3|8 9 5|
-------------------
omp_get_max_threads = 8
 8 threads going
8 threads goingtestBoard:
-------------------
|0 0 0|0 0 0|9 4 0|
|0 0 0|0 9 0|0 0 5|
|3 0 0|0 0 5|0 7 0|
-------------------
|0 8 0|4 0 0|1 0 0|
|4 6 3|0 0 0|0 0 0|
|0 0 0|0 0 7|0 8 0|
-------------------
|8 0 0|7 0 0|0 0 0|
|7 0 0|0 0 0|0 2 8|
|0 5 0|2 6 0|0 0 0|
-------------------
Solved:0.0260641

-------------------
|2 1 5|8 7 6|9 4 3|
|6 7 8|3 9 4|2 1 5|
|3 4 9|1 2 5|8 7 6|
-------------------
|5 8 7|4 3 2|1 6 9|
|4 6 3|9 8 1|7 5 2|
|1 9 2|6 5 7|3 8 4|
-------------------
|8 2 6|7 4 3|5 9 1|
|7 3 4|5 1 9|6 2 8|
|9 5 1|2 6 8|4 3 7|
-------------------
omp_get_max_threads = 8
 8 threads going
8 threads goingtestBoard:
-------------------
|0 2 0|0 0 0|0 0 6|
|0 0 0|0 4 1|0 0 0|
|0 0 7|8 0 0|0 0 1|
-------------------
|0 0 0|0 0 0|7 0 0|
|0 0 3|7 0 0|0 0 0|
|6 0 0|4 1 2|0 0 0|
-------------------
|0 1 0|0 7 4|0 0 5|
|0 0 8|0 5 0|0 7 0|
|0 0 0|0 0 3|9 0 0|
-------------------
Solved:0.135499

-------------------
|1 2 4|3 9 7|8 5 6|
|8 3 5|6 4 1|2 9 7|
|9 6 7|8 2 5|3 4 1|
-------------------
|2 4 1|5 3 8|7 6 9|
|5 8 3|7 6 9|4 1 2|
|6 7 9|4 1 2|5 3 8|
-------------------
|3 1 2|9 7 4|6 8 5|
|4 9 8|2 5 6|1 7 3|
|7 5 6|1 8 3|9 2 4|
-------------------
omp_get_max_threads = 8
 8 threads going
8 threads goingtestBoard:
-------------------
|1 0 0|0 0 0|3 0 8|
|0 6 0|4 0 0|0 0 0|
|0 0 0|0 0 0|0 0 0|
-------------------
|2 0 3|0 1 0|0 0 0|
|0 0 0|0 0 0|0 7 5|
|8 0 0|0 0 0|0 0 0|
-------------------
|0 7 0|5 0 0|0 6 0|
|0 0 0|0 8 0|2 0 0|
|0 4 0|0 0 0|0 0 0|
-------------------
Solved:4.82687

-------------------
|1 2 5|9 7 6|3 4 8|
|3 6 9|4 2 8|5 1 7|
|7 8 4|3 5 1|9 2 6|
-------------------
|2 5 3|8 1 7|6 9 4|
|4 1 6|2 9 3|8 7 5|
|8 9 7|6 4 5|1 3 2|
-------------------
|9 7 8|5 3 2|4 6 1|
|6 3 1|7 8 4|2 5 9|
|5 4 2|1 6 9|7 8 3|
-------------------
omp_get_max_threads = 8
 8 threads going
8 threads goingtestBoard:
-------------------
|2 0 0|0 0 1|0 9 0|
|0 1 0|0 3 0|7 0 0|
|9 0 0|8 0 0|0 2 0|
-------------------
|0 0 0|0 0 0|8 5 0|
|0 6 0|4 0 0|0 0 0|
|0 0 0|0 7 0|0 0 3|
-------------------
|0 2 0|3 0 0|0 6 0|
|0 0 0|5 0 0|0 0 0|
|1 0 9|0 0 0|2 0 5|
-------------------
Solved:0.121509

-------------------
|2 8 3|7 4 1|5 9 6|
|6 1 5|2 3 9|7 4 8|
|9 7 4|8 6 5|3 2 1|
-------------------
|3 9 7|1 2 6|8 5 4|
|8 6 1|4 5 3|9 7 2|
|4 5 2|9 7 8|6 1 3|
-------------------
|5 2 8|3 9 4|1 6 7|
|7 3 6|5 1 2|4 8 9|
|1 4 9|6 8 7|2 3 5|
-------------------
omp_get_max_threads = 8
 8 threads going
8 threads goingtestBoard:
-------------------
|0 0 7|0 0 8|0 0 0|
|0 0 6|0 2 0|3 0 0|
|0 3 0|0 0 0|0 0 9|
-------------------
|0 1 0|0 5 0|0 6 0|
|0 0 0|0 1 0|0 0 0|
|0 7 0|9 0 0|0 0 2|
-------------------
|0 0 0|0 0 0|0 0 4|
|0 8 3|0 0 4|0 0 0|
|2 6 0|0 0 0|5 1 0|
-------------------
Solved:3.91744

-------------------
|9 5 7|6 3 8|4 2 1|
|1 4 6|7 2 9|3 8 5|
|8 3 2|5 4 1|6 7 9|
-------------------
|4 1 9|3 5 2|7 6 8|
|6 2 8|4 1 7|9 5 3|
|3 7 5|9 8 6|1 4 2|
-------------------
|7 9 1|2 6 5|8 3 4|
|5 8 3|1 7 4|2 9 6|
|2 6 4|8 9 3|5 1 7|
-------------------
omp_get_max_threads = 8
 8 threads going
8 threads goingtestBoard:
-------------------
|0 0 0|3 6 0|0 0 0|
|8 5 0|0 0 0|0 0 0|
|9 0 4|0 0 8|0 0 0|
-------------------
|0 0 0|0 0 6|8 0 0|
|0 0 0|0 0 0|0 1 7|
|0 0 9|0 0 4|5 0 0|
-------------------
|0 1 0|5 0 0|0 6 0|
|4 0 0|0 0 9|0 0 2|
|0 0 0|0 0 3|0 0 0|
-------------------
Solved:0.00930886

-------------------
|1 2 7|3 6 5|4 8 9|
|8 5 3|4 9 1|2 7 6|
|9 6 4|2 7 8|3 5 1|
-------------------
|2 3 1|7 5 6|8 9 4|
|5 4 8|9 3 2|6 1 7|
|6 7 9|1 8 4|5 2 3|
-------------------
|3 1 2|5 4 7|9 6 8|
|4 8 5|6 1 9|7 3 2|
|7 9 6|8 2 3|1 4 5|
-------------------
omp_get_max_threads = 8
 8 threads going
8 threads goingtestBoard:
-------------------
|3 4 0|6 0 0|0 0 0|
|0 0 7|0 0 0|0 0 0|
|0 2 0|0 8 0|5 7 0|
-------------------
|0 0 0|0 0 5|0 0 0|
|0 7 0|0 1 0|0 2 0|
|0 0 0|4 0 0|0 0 0|
-------------------
|0 3 6|0 2 0|0 1 0|
|0 0 0|0 0 0|9 0 0|
|0 0 0|0 0 7|0 8 2|
-------------------
Solved:1.17283

-------------------
|3 4 5|6 7 1|2 9 8|
|9 8 7|2 5 3|1 4 6|
|6 2 1|9 8 4|5 7 3|
-------------------
|2 6 4|7 9 5|8 3 1|
|5 7 3|8 1 6|4 2 9|
|1 9 8|4 3 2|6 5 7|
-------------------
|8 3 6|5 2 9|7 1 4|
|7 1 2|3 4 8|9 6 5|
|4 5 9|1 6 7|3 8 2|
-------------------
omp_get_max_threads = 8
 8 threads going
8 threads goingtestBoard:
-------------------
|0 0 0|0 0 0|4 0 1|
|8 0 0|2 0 0|0 0 0|
|0 0 0|6 0 7|0 0 0|
-------------------
|0 0 0|8 0 0|0 6 0|
|0 4 0|0 0 0|3 0 0|
|0 1 0|0 0 0|0 0 0|
-------------------
|6 0 0|0 0 0|0 2 0|
|0 5 0|0 1 0|0 0 0|
|7 0 0|0 3 0|0 0 0|
-------------------
Solved:0.211064

-------------------
|2 6 5|3 8 9|4 7 1|
|8 7 4|2 5 1|6 9 3|
|1 9 3|6 4 7|8 5 2|
-------------------
|3 2 7|8 9 4|1 6 5|
|9 4 6|1 2 5|3 8 7|
|5 1 8|7 6 3|2 4 9|
-------------------
|6 3 1|5 7 8|9 2 4|
|4 5 2|9 1 6|7 3 8|
|7 8 9|4 3 2|5 1 6|
-------------------
omp_get_max_threads = 8
 8 threads going
8 threads goingtestBoard:
-------------------
|0 4 0|0 5 0|0 6 7|
|0 0 0|1 0 0|0 4 0|
|0 0 0|2 0 0|0 0 0|
-------------------
|1 0 0|8 0 0|3 0 0|
|0 0 0|0 0 0|2 0 0|
|0 6 0|0 0 0|0 0 0|
-------------------
|0 0 0|0 4 0|0 5 0|
|3 0 0|0 0 0|8 0 0|
|2 0 0|0 0 0|0 0 0|
-------------------
Solved:0.183689

-------------------
|8 4 2|3 5 9|1 6 7|
|5 7 3|1 8 6|9 4 2|
|6 1 9|2 7 4|5 3 8|
-------------------
|1 2 7|8 6 5|3 9 4|
|4 3 5|7 9 1|2 8 6|
|9 6 8|4 2 3|7 1 5|
-------------------
|7 8 1|9 4 2|6 5 3|
|3 5 4|6 1 7|8 2 9|
|2 9 6|5 3 8|4 7 1|
-------------------
omp_get_max_threads = 8
 8 threads going
8 threads goingtestBoard:
-------------------
|0 0 0|0 0 0|0 4 0|
|0 0 2|0 0 4|0 0 1|
|0 7 0|0 5 0|0 9 0|
-------------------
|0 0 3|0 0 7|0 0 0|
|0 4 0|0 6 0|0 0 0|
|6 0 0|1 0 0|8 0 0|
-------------------
|0 2 0|0 0 0|1 0 0|
|8 5 0|9 0 0|0 6 0|
|0 0 0|0 8 0|0 0 3|
-------------------
Solved:0.316976

-------------------
|5 3 8|2 1 9|7 4 6|
|9 6 2|8 7 4|5 3 1|
|1 7 4|3 5 6|2 9 8|
-------------------
|2 8 3|4 9 7|6 1 5|
|7 4 1|5 6 8|3 2 9|
|6 9 5|1 2 3|8 7 4|
-------------------
|3 2 9|6 4 5|1 8 7|
|8 5 7|9 3 1|4 6 2|
|4 1 6|7 8 2|9 5 3|
-------------------
omp_get_max_threads = 8
 8 threads going
8 threads goingtestBoard:
-------------------
|8 0 0|7 0 0|0 0 4|
|0 5 0|0 0 0|6 0 0|
|0 0 0|0 0 0|0 0 0|
-------------------
|0 3 0|9 7 0|0 0 8|
|0 0 0|0 4 3|0 0 5|
|0 0 0|0 2 0|9 0 0|
-------------------
|0 0 6|0 0 0|0 0 0|
|2 0 0|0 6 0|0 0 7|
|0 7 1|0 0 8|3 0 2|
-------------------
Solved:1.42558

-------------------
|8 6 3|7 5 1|2 9 4|
|9 5 7|4 3 2|6 8 1|
|1 2 4|6 8 9|5 7 3|
-------------------
|5 3 2|9 7 6|1 4 8|
|6 1 9|8 4 3|7 2 5|
|7 4 8|1 2 5|9 3 6|
-------------------
|3 8 6|2 1 7|4 5 9|
|2 9 5|3 6 4|8 1 7|
|4 7 1|5 9 8|3 6 2|
-------------------
omp_get_max_threads = 8
 8 threads going
8 threads goingtestBoard:
-------------------
|0 8 0|0 0 4|0 5 0|
|0 0 0|7 0 0|3 0 0|
|0 0 0|0 0 0|0 0 0|
-------------------
|0 1 0|0 8 5|0 0 0|
|6 0 0|0 0 0|2 0 0|
|0 0 0|0 4 0|0 0 0|
-------------------
|3 0 2|6 0 0|0 0 0|
|0 0 0|0 0 0|0 4 1|
|7 0 0|0 0 0|0 0 0|
-------------------
Solved:10.9977

-------------------
|9 8 6|3 2 4|1 5 7|
|1 2 4|7 5 9|3 6 8|
|5 3 7|8 6 1|4 2 9|
-------------------
|4 1 3|2 8 5|9 7 6|
|6 9 5|1 7 3|2 8 4|
|2 7 8|9 4 6|5 1 3|
-------------------
|3 4 2|6 1 7|8 9 5|
|8 6 9|5 3 2|7 4 1|
|7 5 1|4 9 8|6 3 2|
-------------------
omp_get_max_threads = 8
 8 threads going
8 threads goingtestBoard:
-------------------
|0 0 0|0 7 0|0 8 0|
|0 0 6|0 0 0|5 0 0|
|0 2 0|0 0 3|0 6 1|
-------------------
|0 1 0|0 0 7|0 0 2|
|0 0 8|0 0 5|3 4 0|
|2 0 0|9 0 0|0 0 0|
-------------------
|0 0 2|0 0 0|0 0 0|
|5 8 0|0 0 6|0 3 0|
|4 0 0|0 1 0|0 0 0|
-------------------
Solved:0.0102012

-------------------
|9 4 5|6 7 1|2 8 3|
|1 3 6|4 8 2|5 9 7|
|8 2 7|5 9 3|4 6 1|
-------------------
|6 1 4|8 3 7|9 5 2|
|7 9 8|1 2 5|3 4 6|
|2 5 3|9 6 4|1 7 8|
-------------------
|3 6 2|7 5 9|8 1 4|
|5 8 1|2 4 6|7 3 9|
|4 7 9|3 1 8|6 2 5|
-------------------
omp_get_max_threads = 8
 8 threads going
8 threads goingtestBoard:
-------------------
|0 0 0|0 0 0|8 0 1|
|6 0 0|2 0 0|0 0 0|
|0 0 0|7 0 5|0 0 0|
-------------------
|0 0 0|6 0 0|0 2 0|
|0 1 0|0 0 0|3 0 0|
|0 8 0|0 0 0|0 0 0|
-------------------
|2 0 0|0 0 0|0 7 0|
|0 4 0|0 8 0|0 0 0|
|5 0 0|0 3 0|0 0 0|
-------------------
Solved:0.143496

-------------------
|7 2 4|3 6 9|8 5 1|
|6 5 1|2 4 8|7 9 3|
|8 9 3|7 1 5|6 4 2|
-------------------
|3 7 5|6 9 1|4 2 8|
|9 1 2|8 7 4|3 6 5|
|4 8 6|5 2 3|9 1 7|
-------------------
|2 3 8|4 5 6|1 7 9|
|1 4 7|9 8 2|5 3 6|
|5 6 9|1 3 7|2 8 4|
-------------------
omp_get_max_threads = 8
 8 threads going
8 threads goingtestBoard:
-------------------
|0 2 0|0 0 0|0 0 0|
|0 0 0|6 0 0|0 0 3|
|0 7 4|0 8 0|0 0 0|
-------------------
|0 0 0|0 0 3|0 0 2|
|0 8 0|0 4 0|0 1 0|
|6 0 0|5 0 0|0 0 0|
-------------------
|0 0 0|0 1 0|7 8 0|
|5 0 0|0 0 9|0 0 0|
|0 0 0|0 0 0|0 4 0|
-------------------
Solved:0.249807

-------------------
|1 2 6|4 3 7|9 5 8|
|8 9 5|6 2 1|4 7 3|
|3 7 4|9 8 5|1 2 6|
-------------------
|4 5 7|1 9 3|8 6 2|
|9 8 3|2 4 6|5 1 7|
|6 1 2|5 7 8|3 9 4|
-------------------
|2 6 9|3 1 4|7 8 5|
|5 4 8|7 6 9|2 3 1|
|7 3 1|8 5 2|6 4 9|
-------------------
omp_get_max_threads = 8
 8 threads going
8 threads goingtestBoard:
-------------------
|0 5 2|0 0 6|8 0 0|
|0 0 0|0 0 7|0 2 0|
|0 0 0|0 0 0|6 0 0|
-------------------
|0 0 4|8 0 0|9 0 0|
|2 0 0|4 1 0|0 0 0|
|0 0 1|0 0 0|0 0 8|
-------------------
|0 0 6|1 0 0|3 8 0|
|0 0 0|0 9 0|0 0 6|
|3 0 0|6 0 0|1 0 9|
-------------------
Solved:0.0466995

-------------------
|1 5 2|9 4 6|8 3 7|
|9 6 3|5 8 7|4 2 1|
|8 4 7|2 3 1|6 9 5|
-------------------
|5 7 4|8 6 3|9 1 2|
|2 8 9|4 1 5|7 6 3|
|6 3 1|7 2 9|5 4 8|
-------------------
|7 9 6|1 5 2|3 8 4|
|4 1 5|3 9 8|2 7 6|
|3 2 8|6 7 4|1 5 9|
-------------------
omp_get_max_threads = 8
 8 threads going
8 threads goingtestBoard:
-------------------
|0 0 0|0 1 0|7 8 0|
|5 0 0|0 0 9|0 0 0|
|0 0 0|0 0 0|0 4 0|
-------------------
|0 2 0|0 0 0|0 0 0|
|0 0 0|6 0 0|0 0 3|
|0 7 4|0 8 0|0 0 0|
-------------------
|0 0 0|0 0 3|0 0 2|
|0 8 0|0 4 0|0 1 0|
|6 0 0|5 0 0|0 0 0|
-------------------
Solved:2.80825

-------------------
|2 6 9|3 1 4|7 8 5|
|5 4 8|7 6 9|2 3 1|
|7 3 1|8 5 2|6 4 9|
-------------------
|1 2 6|4 3 7|9 5 8|
|8 9 5|6 2 1|4 7 3|
|3 7 4|9 8 5|1 2 6|
-------------------
|4 5 7|1 9 3|8 6 2|
|9 8 3|2 4 6|5 1 7|
|6 1 2|5 7 8|3 9 4|
-------------------
omp_get_max_threads = 8
 8 threads going
8 threads goingtestBoard:
-------------------
|1 0 0|0 0 0|0 0 3|
|0 6 0|3 0 0|7 0 0|
|0 7 0|0 0 5|0 0 1|
-------------------
|2 1 0|7 0 0|0 9 0|
|0 0 7|0 0 0|0 0 0|
|0 0 8|0 1 0|0 2 0|
-------------------
|0 0 0|8 0 6|4 0 0|
|0 0 9|0 2 0|0 6 0|
|0 0 0|4 0 0|0 0 0|
-------------------
Solved:0.0150552

-------------------
|1 5 2|6 7 8|9 4 3|
|8 6 4|3 9 1|7 5 2|
|9 7 3|2 4 5|6 8 1|
-------------------
|2 1 5|7 6 3|8 9 4|
|4 9 7|5 8 2|1 3 6|
|6 3 8|9 1 4|5 2 7|
-------------------
|3 2 1|8 5 6|4 7 9|
|5 4 9|1 2 7|3 6 8|
|7 8 6|4 3 9|2 1 5|
-------------------
omp_get_max_threads = 8
 8 threads going
8 threads goingtestBoard:
-------------------
|4 0 0|0 7 0|1 0 0|
|0 0 1|9 0 4|6 0 5|
|0 0 0|0 0 1|0 0 0|
-------------------
|0 0 0|7 0 0|0 0 2|
|0 0 2|0 3 0|0 0 0|
|8 4 7|0 0 6|0 0 0|
-------------------
|0 1 4|0 0 0|8 0 6|
|0 2 0|0 0 0|3 0 0|
|6 0 0|0 9 0|0 0 0|
-------------------
Solved:0.297498

-------------------
|4 9 6|5 7 3|1 2 8|
|3 8 1|9 2 4|6 7 5|
|2 7 5|8 6 1|9 4 3|
-------------------
|1 5 3|7 8 9|4 6 2|
|9 6 2|4 3 5|7 8 1|
|8 4 7|2 1 6|5 3 9|
-------------------
|7 1 4|3 5 2|8 9 6|
|5 2 9|6 4 8|3 1 7|
|6 3 8|1 9 7|2 5 4|
-------------------
omp_get_max_threads = 8
 8 threads going
8 threads goingtestBoard:
-------------------
|0 0 0|0 0 0|8 0 1|
|7 0 0|2 0 0|0 0 0|
|0 0 0|5 0 6|0 0 0|
-------------------
|0 0 0|7 0 0|0 5 0|
|0 1 0|0 0 0|3 0 0|
|0 8 0|0 0 0|0 0 0|
-------------------
|5 0 0|0 0 0|0 2 0|
|0 3 0|0 8 0|0 0 0|
|6 0 0|0 4 0|0 0 0|
-------------------
Solved:0.129228

-------------------
|2 5 3|4 7 9|8 6 1|
|7 6 1|2 3 8|5 9 4|
|8 9 4|5 1 6|7 3 2|
-------------------
|3 2 6|7 9 1|4 5 8|
|9 1 5|8 2 4|3 7 6|
|4 8 7|6 5 3|2 1 9|
-------------------
|5 4 8|1 6 7|9 2 3|
|1 3 2|9 8 5|6 4 7|
|6 7 9|3 4 2|1 8 5|
-------------------
omp_get_max_threads = 8
 8 threads going
8 threads goingtestBoard:
-------------------
|9 6 3|0 0 0|0 0 0|
|1 0 0|0 0 8|0 0 0|
|0 0 0|2 0 5|0 0 0|
-------------------
|0 4 0|8 0 0|0 0 0|
|0 1 0|0 0 0|7 0 0|
|0 0 0|0 3 0|0 2 5|
-------------------
|7 0 0|0 0 0|0 3 0|
|0 0 9|0 2 0|4 0 7|
|0 0 0|0 0 0|9 0 0|
-------------------
Solved:0.0220523

-------------------
|9 6 3|7 4 1|2 5 8|
|1 5 2|3 9 8|6 7 4|
|8 7 4|2 6 5|3 9 1|
-------------------
|3 4 5|8 7 2|1 6 9|
|2 1 8|9 5 6|7 4 3|
|6 9 7|1 3 4|8 2 5|
-------------------
|7 2 1|4 8 9|5 3 6|
|5 8 9|6 2 3|4 1 7|
|4 3 6|5 1 7|9 8 2|
-------------------
omp_get_max_threads = 8
 8 threads going
8 threads goingtestBoard:
-------------------
|1 5 0|3 0 0|0 0 0|
|0 7 0|0 4 0|2 0 0|
|0 0 4|0 7 2|0 0 0|
-------------------
|0 0 8|0 0 0|0 0 0|
|0 0 0|9 0 0|1 0 8|
|0 1 0|0 8 0|7 9 0|
-------------------
|0 0 0|0 0 3|8 0 0|
|0 0 0|0 0 0|0 0 0|
|6 0 0|0 0 7|4 2 3|
-------------------
Solved:0.0458946

-------------------
|1 5 2|3 9 8|6 4 7|
|9 7 3|6 4 1|2 8 5|
|8 6 4|5 7 2|9 3 1|
-------------------
|5 9 8|7 1 4|3 6 2|
|2 4 7|9 3 6|1 5 8|
|3 1 6|2 8 5|7 9 4|
-------------------
|7 2 5|4 6 3|8 1 9|
|4 3 1|8 2 9|5 7 6|
|6 8 9|1 5 7|4 2 3|
-------------------
omp_get_max_threads = 8
 8 threads going
8 threads goingtestBoard:
-------------------
|0 0 0|0 0 0|0 0 0|
|0 5 7|2 4 0|0 0 9|
|8 0 0|0 0 9|4 7 0|
-------------------
|0 0 9|0 0 3|0 0 0|
|5 0 0|9 0 0|1 2 0|
|0 0 3|0 1 0|9 0 0|
-------------------
|0 6 0|0 0 0|2 5 0|
|0 0 0|5 6 0|0 0 0|
|0 7 0|0 0 0|0 0 6|
-------------------
Solved:0.170022

-------------------
|9 4 6|7 3 1|5 8 2|
|1 5 7|2 4 8|6 3 9|
|8 3 2|6 5 9|4 7 1|
-------------------
|7 1 9|4 2 3|8 6 5|
|5 8 4|9 7 6|1 2 3|
|6 2 3|8 1 5|9 4 7|
-------------------
|4 6 1|3 9 7|2 5 8|
|3 9 8|5 6 2|7 1 4|
|2 7 5|1 8 4|3 9 6|
-------------------
omp_get_max_threads = 8
 8 threads going
8 threads goingtestBoard:
-------------------
|0 0 0|0 7 5|0 0 0|
|0 1 0|0 2 0|0 0 0|
|0 4 0|0 0 3|0 0 0|
-------------------
|5 0 0|0 0 0|3 0 2|
|0 0 0|8 0 0|0 1 0|
|0 0 0|0 0 0|6 0 0|
-------------------
|0 0 0|1 0 0|4 8 0|
|2 0 0|0 0 0|0 0 0|
|7 0 0|0 0 0|0 0 0|
-------------------
Solved:0.787465

-------------------
|9 3 2|4 7 5|8 6 1|
|6 1 7|9 2 8|5 3 4|
|8 4 5|6 1 3|2 7 9|
-------------------
|5 6 8|7 4 1|3 9 2|
|4 2 9|8 3 6|7 1 5|
|1 7 3|2 5 9|6 4 8|
-------------------
|3 5 6|1 9 2|4 8 7|
|2 9 4|3 8 7|1 5 6|
|7 8 1|5 6 4|9 2 3|
-------------------
omp_get_max_threads = 8
 8 threads going
8 threads goingtestBoard:
-------------------
|6 0 0|0 0 0|7 0 3|
|0 4 0|8 0 0|0 0 0|
|0 0 0|0 0 0|0 0 0|
-------------------
|0 0 0|5 0 4|0 8 0|
|7 0 0|2 0 0|0 0 0|
|1 0 3|0 0 0|0 0 0|
-------------------
|0 2 0|0 0 0|0 5 0|
|0 0 0|0 7 0|9 0 0|
|0 0 0|0 1 0|0 0 0|
-------------------
Solved:0.225146

-------------------
|6 1 8|4 5 9|7 2 3|
|3 4 2|8 6 7|5 1 9|
|5 7 9|1 2 3|4 6 8|
-------------------
|2 9 6|5 3 4|1 8 7|
|7 8 4|2 9 1|6 3 5|
|1 5 3|7 8 6|2 9 4|
-------------------
|9 2 7|6 4 8|3 5 1|
|8 6 1|3 7 5|9 4 2|
|4 3 5|9 1 2|8 7 6|
-------------------
omp_get_max_threads = 8
 8 threads going
8 threads goingtestBoard:
-------------------
|0 0 0|0 6 0|0 0 4|
|0 0 6|0 3 0|0 0 0|
|1 0 0|4 0 0|5 0 7|
-------------------
|7 0 0|0 0 0|8 0 5|
|0 0 0|8 0 0|0 0 0|
|6 0 8|0 0 0|0 9 0|
-------------------
|0 0 2|0 9 0|0 0 0|
|4 0 0|0 0 3|2 0 0|
|0 0 9|7 0 0|1 0 0|
-------------------
Solved:0.016011

-------------------
|9 5 7|2 6 1|3 8 4|
|8 4 6|5 3 7|9 2 1|
|1 2 3|4 8 9|5 6 7|
-------------------
|7 3 4|9 2 6|8 1 5|
|2 9 5|8 1 4|7 3 6|
|6 1 8|3 7 5|4 9 2|
-------------------
|5 7 2|1 9 8|6 4 3|
|4 8 1|6 5 3|2 7 9|
|3 6 9|7 4 2|1 5 8|
-------------------
omp_get_max_threads = 8
 8 threads going
8 threads goingtestBoard:
-------------------
|0 3 2|0 0 0|0 0 5|
|8 0 0|3 0 0|0 0 0|
|9 0 4|2 8 0|0 0 1|
-------------------
|0 0 0|4 0 0|0 3 9|
|0 0 0|6 0 0|0 5 0|
|0 0 0|0 1 0|0 0 0|
-------------------
|0 2 0|0 0 6|7 0 8|
|0 0 0|0 0 4|0 0 0|
|0 9 5|0 0 0|0 6 0|
-------------------
Solved:0.0193823

-------------------
|1 3 2|7 4 9|6 8 5|
|8 5 7|3 6 1|9 2 4|
|9 6 4|2 8 5|3 7 1|
-------------------
|2 1 6|4 5 7|8 3 9|
|3 4 8|6 9 2|1 5 7|
|5 7 9|8 1 3|2 4 6|
-------------------
|4 2 1|5 3 6|7 9 8|
|6 8 3|9 7 4|5 1 2|
|7 9 5|1 2 8|4 6 3|
-------------------
omp_get_max_threads = 8
 8 threads going
8 threads goingtestBoard:
-------------------
|0 0 0|5 0 3|0 0 0|
|0 0 0|0 6 0|7 0 0|
|5 0 8|0 0 0|0 1 6|
-------------------
|3 6 0|0 2 0|0 0 0|
|0 0 0|4 0 1|0 0 0|
|0 0 0|0 3 0|0 0 5|
-------------------
|6 7 0|0 0 0|2 0 8|
|0 0 4|0 7 0|0 0 0|
|0 0 0|2 0 0|5 0 0|
-------------------
Solved:0.272293

-------------------
|7 4 6|5 1 3|8 9 2|
|1 3 2|8 6 9|7 5 4|
|5 9 8|7 4 2|3 1 6|
-------------------
|3 6 7|9 2 5|4 8 1|
|9 2 5|4 8 1|6 7 3|
|4 8 1|6 3 7|9 2 5|
-------------------
|6 7 9|1 5 4|2 3 8|
|2 5 4|3 7 8|1 6 9|
|8 1 3|2 9 6|5 4 7|
-------------------
omp_get_max_threads = 8
 8 threads going
8 threads goingtestBoard:
-------------------
|0 5 0|3 0 7|0 4 0|
|1 0 0|0 0 0|0 0 0|
|0 3 0|0 0 0|0 0 0|
-------------------
|5 0 8|0 3 0|6 1 0|
|0 0 0|8 0 0|5 0 9|
|0 6 0|0 1 0|0 0 0|
-------------------
|0 0 0|0 4 0|0 0 6|
|0 0 0|6 9 2|7 0 0|
|0 0 2|0 0 0|9 0 0|
-------------------
Solved:0.0143938

-------------------
|9 5 6|3 2 7|8 4 1|
|1 2 7|4 8 6|3 9 5|
|8 3 4|9 5 1|2 6 7|
-------------------
|5 4 8|7 3 9|6 1 2|
|2 7 1|8 6 4|5 3 9|
|3 6 9|2 1 5|4 7 8|
-------------------
|7 9 3|5 4 8|1 2 6|
|4 1 5|6 9 2|7 8 3|
|6 8 2|1 7 3|9 5 4|
-------------------
omp_get_max_threads = 8
 8 threads going
8 threads goingtestBoard:
-------------------
|0 0 5|0 0 8|0 0 1|
|8 0 0|0 0 0|0 9 0|
|0 0 0|0 0 0|7 8 0|
-------------------
|0 0 0|4 0 0|0 0 0|
|6 4 0|0 0 0|9 0 0|
|0 0 0|0 5 3|0 0 2|
-------------------
|0 6 0|0 0 0|0 0 0|
|0 0 1|3 8 0|0 5 0|
|0 0 0|9 0 7|1 4 0|
-------------------
Solved:4.14875

-------------------
|9 3 5|7 4 8|6 2 1|
|8 7 6|2 3 1|5 9 4|
|1 2 4|6 9 5|7 8 3|
-------------------
|5 1 2|4 6 9|3 7 8|
|6 4 3|8 7 2|9 1 5|
|7 8 9|1 5 3|4 6 2|
-------------------
|2 6 7|5 1 4|8 3 9|
|4 9 1|3 8 6|2 5 7|
|3 5 8|9 2 7|1 4 6|
-------------------
omp_get_max_threads = 8
 8 threads going
8 threads goingtestBoard:
-------------------
|0 0 0|0 0 0|0 0 0|
|0 7 2|0 6 0|1 0 0|
|0 0 5|1 0 0|0 8 2|
-------------------
|0 8 0|0 0 1|3 0 0|
|4 0 0|0 0 0|0 0 0|
|0 3 7|0 9 0|0 1 0|
-------------------
|0 0 0|0 2 3|8 0 0|
|5 0 4|0 0 9|0 0 0|
|0 0 0|0 0 0|7 9 0|
-------------------
Solved:0.00676677

-------------------
|1 4 3|2 5 8|6 7 9|
|8 7 2|9 6 4|1 5 3|
|6 9 5|1 3 7|4 8 2|
-------------------
|9 8 6|5 4 1|3 2 7|
|4 5 1|3 7 2|9 6 8|
|2 3 7|8 9 6|5 1 4|
-------------------
|7 1 9|6 2 3|8 4 5|
|5 6 4|7 8 9|2 3 1|
|3 2 8|4 1 5|7 9 6|
-------------------
omp_get_max_threads = 8
 8 threads going
8 threads goingtestBoard:
-------------------
|0 0 0|6 5 8|0 0 0|
|0 0 4|0 0 0|0 0 0|
|1 2 0|0 0 0|0 0 0|
-------------------
|0 0 0|0 0 9|6 0 7|
|0 0 0|3 0 0|5 0 0|
|0 0 2|0 8 0|0 0 3|
-------------------
|0 0 1|9 0 0|8 0 0|
|3 0 6|0 0 0|0 0 4|
|0 0 0|0 4 7|3 0 0|
-------------------
Solved:0.0954149

-------------------
|9 3 7|6 5 8|2 4 1|
|8 6 4|2 9 1|7 3 5|
|1 2 5|7 3 4|9 8 6|
-------------------
|5 8 3|4 1 9|6 2 7|
|6 4 9|3 7 2|5 1 8|
|7 1 2|5 8 6|4 9 3|
-------------------
|4 7 1|9 6 3|8 5 2|
|3 9 6|8 2 5|1 7 4|
|2 5 8|1 4 7|3 6 9|
-------------------
omp_get_max_threads = 8
 8 threads going
8 threads goingtestBoard:
-------------------
|0 2 0|3 0 0|0 0 0|
|0 0 6|0 0 8|0 9 0|
|8 3 0|5 0 0|0 0 0|
-------------------
|0 0 0|2 0 0|0 8 0|
|7 0 9|0 0 5|0 0 0|
|0 0 0|0 0 6|0 0 4|
-------------------
|0 0 0|0 0 0|0 1 0|
|0 0 1|0 0 0|4 0 2|
|2 0 0|7 0 0|8 0 9|
-------------------
Solved:0.0559515

-------------------
|9 2 4|3 6 1|7 5 8|
|1 5 6|4 7 8|2 9 3|
|8 3 7|5 9 2|6 4 1|
-------------------
|6 1 3|2 4 7|9 8 5|
|7 4 9|1 8 5|3 2 6|
|5 8 2|9 3 6|1 7 4|
-------------------
|4 9 8|6 2 3|5 1 7|
|3 7 1|8 5 9|4 6 2|
|2 6 5|7 1 4|8 3 9|
-------------------
omp_get_max_threads = 8
 8 threads going
8 threads goingtestBoard:
-------------------
|0 5 0|0 9 0|0 0 0|
|1 0 0|0 0 0|6 0 0|
|0 0 0|3 0 8|0 0 0|
-------------------
|0 0 8|0 4 0|0 0 9|
|5 1 4|0 0 0|0 0 0|
|0 3 0|0 0 0|2 0 0|
-------------------
|0 0 0|0 0 0|0 0 4|
|0 8 0|0 0 6|0 0 7|
|7 0 0|1 5 0|0 6 0|
-------------------
Solved:1.39113

-------------------
|8 5 6|4 9 1|3 7 2|
|1 4 3|5 7 2|6 9 8|
|9 2 7|3 6 8|4 5 1|
-------------------
|2 7 8|6 4 5|1 3 9|
|5 1 4|9 2 3|7 8 6|
|6 3 9|8 1 7|2 4 5|
-------------------
|3 6 1|7 8 9|5 2 4|
|4 8 5|2 3 6|9 1 7|
|7 9 2|1 5 4|8 6 3|
-------------------
omp_get_max_threads = 8
 8 threads going
8 threads goingtestBoard:
-------------------
|0 0 0|0 0 2|0 0 0|
|0 0 0|0 7 0|0 0 1|
|7 0 0|3 0 0|0 9 0|
-------------------
|8 0 0|7 0 0|0 0 0|
|0 2 0|8 9 0|6 0 0|
|0 1 3|0 0 6|0 0 0|
-------------------
|0 9 0|0 5 0|8 2 4|
|0 0 0|0 0 8|9 1 0|
|0 0 0|0 0 0|0 0 0|
-------------------
Solved:0.191897

-------------------
|6 5 9|4 1 2|3 7 8|
|2 3 8|6 7 9|4 5 1|
|7 4 1|3 8 5|2 9 6|
-------------------
|8 6 5|7 2 3|1 4 9|
|4 2 7|8 9 1|6 3 5|
|9 1 3|5 4 6|7 8 2|
-------------------
|3 9 6|1 5 7|8 2 4|
|5 7 4|2 6 8|9 1 3|
|1 8 2|9 3 4|5 6 7|
-------------------
omp_get_max_threads = 8
 8 threads going
8 threads goingtestBoard:
-------------------
|3 0 0|0 8 0|0 0 0|
|0 0 0|7 0 0|0 0 5|
|1 0 0|0 0 0|0 0 0|
-------------------
|0 0 0|0 0 0|3 6 0|
|0 0 2|0 0 4|0 0 0|
|0 7 0|0 0 0|0 0 0|
-------------------
|0 0 0|0 6 0|1 3 0|
|0 4 5|2 0 0|0 0 0|
|0 0 0|0 0 0|8 0 0|
-------------------
Solved:3.2481

-------------------
|3 5 4|1 8 6|9 2 7|
|2 9 8|7 4 3|6 1 5|
|1 6 7|9 5 2|4 8 3|
-------------------
|4 8 1|5 2 7|3 6 9|
|9 3 2|6 1 4|5 7 8|
|5 7 6|3 9 8|2 4 1|
-------------------
|7 2 9|8 6 5|1 3 4|
|8 4 5|2 3 1|7 9 6|
|6 1 3|4 7 9|8 5 2|
-------------------
