 34.9645
 12.2414
 0.301631
 1.48911
 397.134
 1.07882
 24.0098
 19.8859
 16.2114
 39.2842
 3.12433
 0.459633
 0.206776
 0.800037
 22.3969
 3.36273
 19.6195
 9.54115
 0.00102044
 0.0718343
 17.1662
 0.524028
 15.7449
 6.09031
 0.0219163
 7.05948
 0.408121
 1.27892
 0.599908
 0.161374
 0.293787
 0.0432789
 0.0642438
 9.86108
 0.470443
 26.3533
 0.958572
 0.123715
 5.23506
 0.176448
 406.941
 1.51263
 0.570116
 0.0416503
 0.218049
 29.4143
 1.60655
 0.375111
 1.47462
 4.12541
 4.24105
 0.846198
 0.0181431
 0.0530234
 2.58286
 0.430794
 0.779863
 2.69253
 0.374896
 0.0696548
 0.148171
 17.2884
 0.997473
 12.0764
 0.00853396
 1.41287
 0.242389
 0.20455
 1.73407
 6.61502
 80.1907
 0.281969
 1.70456
 0.25811
 0.137692
 7.1481
 0.0967015
 1.82473
 0.161667
 0.346957
 0.932889
 0.403141
 5.74702
 0.221143
 0.160068
 0.0224862
 0.340026
 0.118933
 40.8725
 0.00656436
 0.569266
 0.0659054
 1.63499
 2.0418
 34.9496
