82.0414
0.330986
1.3287
0.518274
99.1303
2.75155
0.139689
4.17473
0.1393
14.3741
15.8955
0.132213
0.0781093
0.0159677
11.5235
16.6998
9.47214
5.60062
0.00154311
0.0419997
15.2705
0.538626
14.0498
0.47298
0.228049
1.32726
0.336346
12.9033
0.316265
0.717608
0.258293
0.00341669
0.0541604
0.326043
0.0240029
61.0142
0.893357
0.121443
1.42152
0.0801005
89.9012
0.131433
0.435847
0.0697697
0.190111
18.8706
2.10774
0.337392
0.455229
10.1824
2.22376
1.2726
0.0153253
0.00623228
2.19408
0.0570941
0.781632
0.0695742
0.221076
0.0270586
1.51756
16.294
0.178956
3.97838
2.14732
1.17384
0.790474
0.183348
0.316255
3.91196
11.0191
0.124843
0.142441
0.73611
0.0463224
7.84954
0.0858014
0.58338
0.135306
0.0811039
0.558287
0.245563
0.786504
0.940407
0.0443886
0.0883785
0.262266
0.0138463
10.9376
0.18015
0.318496
0.0565581
1.39345
0.504518
23.5436
