30.889
0.348176
0.309483
0.525225
96.1247
0.234321
0.145578
4.18644
0.163322
1.89621
2.89708
0.0358447
0.0424626
0.0217955
0.779133
3.13202
3.53496
3.38183
0.00752262
0.0534313
4.84301
0.181072
14.0373
0.48473
0.0277748
0.391844
0.343028
1.18344
0.128162
0.146338
0.281991
0.00955343
0.0599347
0.337733
0.0309464
23.0761
0.900477
0.0264185
1.42841
0.0189861
91.769
0.152647
0.447379
0.0481954
0.208534
0.653238
0.401533
0.364232
0.194368
1.0566
0.355055
0.167516
0.0213479
0.01182
0.968765
0.0252921
0.461359
0.0767201
0.126179
0.0317289
0.142765
4.83244
0.14089
4.31179
0.0142519
1.24581
0.216716
0.189317
0.321941
1.42816
11.6654
0.0119932
0.147608
0.254921
0.0517104
2.98977
0.0201269
0.306672
0.134909
0.0272161
0.0540594
0.18097
0.792879
0.238946
0.0224164
0.0261553
0.338463
0.0231518
4.65076
0.0116822
0.0757052
0.0621534
1.39641
0.197364
3.25691
