30.8562
0.331909
0.304782
0.518799
96.967
0.228719
0.140011
4.18051
0.139635
1.89047
2.88216
0.0306375
0.0368437
0.0168585
0.77414
3.09542
3.52984
3.31937
0.00196931
0.0419024
4.83326
0.175237
14.0427
0.474064
0.0222073
0.383062
0.333166
1.1782
0.122519
0.141171
0.259136
0.00323633
0.0550123
0.325971
0.0246547
23.0966
0.893352
0.0210081
1.42301
0.0133882
88.7906
0.131932
0.434864
0.040769
0.190529
1.96888
0.395377
0.337667
0.181577
1.05131
0.348988
0.144224
0.0158354
0.00664597
0.988222
0.0191832
0.44871
0.0700353
0.120893
0.0260641
0.135499
4.82687
0.121509
3.91744
0.00930886
1.17283
0.211064
0.183689
0.316976
1.42558
10.9977
0.0102012
0.143496
0.249807
0.0466995
2.80825
0.0150552
0.297498
0.129228
0.0220523
0.0458946
0.170022
0.787465
0.225146
0.016011
0.0193823
0.272293
0.0143938
4.14875
0.00676677
0.0954149
0.0559515
1.39113
0.191897
3.2481
