30.8586
0.330609
0.303973
0.518312
98.6809
0.499863
0.140148
4.17992
0.139134
7.92456
2.89989
0.0301694
0.0366839
0.0161832
4.33174
3.09369
3.56672
4.15697
0.00159168
0.0413356
4.83788
0.174856
14.0443
0.472587
0.0221451
0.38236
0.332838
1.1779
0.168004
0.140896
0.258314
0.00290982
0.0541453
0.32537
0.024127
23.072
0.893529
0.0341201
1.42136
0.0132249
89.5839
0.131601
0.434884
0.0402397
0.19052
8.69645
0.665882
0.339125
0.181251
1.05082
1.0694
0.368229
0.0153803
0.00623722
1.41476
0.0203854
0.449268
0.0696865
0.122914
0.0259018
0.514362
4.82708
0.121035
3.92223
0.778222
1.18281
0.210997
0.183468
0.317056
2.36302
10.9963
0.0436656
0.142212
0.250301
0.0458965
3.84615
0.032785
0.296685
0.128497
0.0214396
0.251655
0.197345
0.785739
0.224928
0.015942
0.0211454
0.271111
0.0140495
4.14619
0.00627515
0.190146
0.055842
1.37668
0.191471
11.5278
