30.8901
0.331765
0.313608
0.526627
96.0878
0.229706
0.140991
4.17852
0.140861
1.89155
2.88294
0.0315781
0.0377554
0.0177014
0.774038
3.09841
3.5316
3.31645
0.00279436
0.0423885
4.83398
0.176097
14.0473
0.473831
0.0227725
0.392029
0.335404
1.19158
0.123168
0.147396
0.265847
0.00398565
0.0552864
0.326659
0.0255213
23.1039
0.893661
0.0216879
1.42265
0.0146086
87.5475
0.132812
0.435723
0.0417228
0.203436
0.64682
0.39627
0.339121
0.182412
1.05192
0.349931
0.14537
0.0165703
0.00741748
0.938871
0.0201251
0.450125
0.0710468
0.123666
0.0270497
0.13674
4.82912
0.126043
3.93387
0.00978736
1.18923
0.212079
0.197669
0.317485
1.42636
10.8945
0.00770644
0.143267
0.250682
0.0472229
2.80907
0.0159181
0.297703
0.129977
0.0225606
0.0471413
0.172387
0.786924
0.23333
0.0168748
0.0200664
0.285783
0.0151203
4.14434
0.00734431
0.0667646
0.0588009
1.39705
0.192453
3.24889
