30.8767
0.33344
0.316743
0.521059
96.1605
0.231621
0.148843
4.1795
0.142452
1.89313
2.88529
0.0347264
0.039743
0.0189753
0.775922
3.42123
3.54106
3.32695
0.00427095
0.0458229
4.83702
0.177344
14.0443
0.484243
0.0243074
0.38496
0.342076
1.18058
0.131255
0.151653
0.262898
0.00548224
0.0568386
0.328429
0.02798
23.0765
0.907322
0.024113
1.43345
0.0157033
87.6262
0.134129
0.445825
0.0431388
0.193082
0.648356
0.408317
0.343865
0.184014
1.06663
0.351503
0.15618
0.0180831
0.00890452
0.941584
0.0222619
0.454626
0.07646
0.122882
0.0283078
0.137953
4.82994
0.123853
3.91997
0.0116187
1.20253
0.221525
0.18592
0.318917
1.43926
10.9061
0.00903571
0.145022
0.26103
0.0511467
2.81027
0.0173616
0.309271
0.131459
0.0248367
0.0503322
0.183969
0.801403
0.227492
0.018931
0.0217297
0.279059
0.016769
4.14741
0.00882837
0.0724104
0.0580981
1.40157
0.194386
3.25802
